0.0125653	1.1
0.0281003	1.2
0.0443444	1.3
0.0604816	1.4
0.0761743	1.5
0.0912851	1.6
0.10577	1.7
0.119628	1.8
0.13288	1.9
0.145559	2
0.157698	2.1
0.169333	2.2
0.180497	2.3
0.191223	2.4
0.20154	2.5
0.211476	2.6
0.221057	2.7
0.230305	2.8
0.239242	2.9
0.247887	3
0.256258	3.1
0.26437	3.2
0.27224	3.3
0.279881	3.4
0.287306	3.5
0.294525	3.6
0.30155	3.7
0.308391	3.8
0.315058	3.9
0.321558	4
0.327899	4.1
0.33409	4.2
0.340136	4.3
0.346045	4.4
0.351823	4.5
0.357474	4.6
0.363005	4.7
0.36842	4.8
0.373724	4.9
0.378921	5
0.384016	5.1
0.389013	5.2
0.393914	5.3
0.398724	5.4
0.403446	5.5
0.408083	5.6
0.412638	5.7
0.417114	5.8
0.421513	5.9
0.425838	6
0.430091	6.1
0.434275	6.2
0.438392	6.3
0.442444	6.4
0.446433	6.5
0.45036	6.6
0.454228	6.7
0.458038	6.8
0.461793	6.9
0.465493	7
0.46914	7.1
0.472735	7.2
0.476281	7.3
0.479777	7.4
0.483227	7.5
0.48663	7.6
0.489988	7.7
0.493302	7.8
0.496574	7.9
0.499804	8
0.502993	8.1
0.506142	8.2
0.509253	8.3
0.512326	8.4
0.515362	8.5
0.518361	8.6
0.521326	8.7
0.524256	8.8
0.527152	8.9
0.530015	9
0.532846	9.1
0.535645	9.2
0.538413	9.3
0.541152	9.4
0.54386	9.5
0.546539	9.6
0.54919	9.7
0.551813	9.8
0.554409	9.9
0.556978	10
0.559521	10.1
0.562038	10.2
0.56453	10.3
0.566996	10.4
0.569439	10.5
0.571858	10.6
0.574253	10.7
0.576625	10.8
0.578975	10.9
0.581303	11
0.583608	11.1
0.585893	11.2
0.588156	11.3
0.590398	11.4
0.592621	11.5
0.594823	11.6
0.597006	11.7
0.599169	11.8
0.601313	11.9
0.603439	12
0.605546	12.1
0.607635	12.2
0.609707	12.3
0.61176	12.4
0.613797	12.5
0.615816	12.6
0.617819	12.7
0.619806	12.8
0.621776	12.9
0.62373	13
0.625668	13.1
0.627591	13.2
0.629499	13.3
0.631391	13.4
0.633269	13.5
0.635132	13.6
0.636981	13.7
0.638815	13.8
0.640636	13.9
0.642443	14
0.644235	14.1
0.646015	14.2
0.647781	14.3
0.649534	14.4
0.651275	14.5
0.653002	14.6
0.654717	14.7
0.65642	14.8
0.65811	14.9
0.659788	15
0.661455	15.1
0.663109	15.2
0.664752	15.3
0.666383	15.4
0.668003	15.5
0.669612	15.6
0.67121	15.7
0.672797	15.8
0.674373	15.9
0.675938	16
0.677493	16.1
0.679038	16.2
0.680572	16.3
0.682096	16.4
0.68361	16.5
0.685114	16.6
0.686608	16.7
0.688092	16.8
0.689567	16.9
0.691032	17
0.692488	17.1
0.693935	17.2
0.695373	17.3
0.696801	17.4
0.69822	17.5
0.699631	17.6
0.701033	17.7
0.702426	17.8
0.703811	17.9
0.705187	18
0.706554	18.1
0.707913	18.2
0.709265	18.3
0.710607	18.4
0.711942	18.5
0.713269	18.6
0.714588	18.7
0.715899	18.8
0.717203	18.9
0.718498	19
0.719786	19.1
0.721067	19.2
0.72234	19.3
0.723606	19.4
0.724864	19.5
0.726116	19.6
0.72736	19.7
0.728597	19.8
0.729827	19.9
0.73105	20
0.732266	20.1
0.733475	20.2
0.734678	20.3
0.735874	20.4
0.737063	20.5
0.738245	20.6
0.739422	20.7
0.740591	20.8
0.741754	20.9
0.742911	21
0.744062	21.1
0.745206	21.2
0.746345	21.3
0.747477	21.4
0.748603	21.5
0.749723	21.6
0.750837	21.7
0.751945	21.8
0.753048	21.9
0.754144	22
0.755235	22.1
0.75632	22.2
0.757399	22.3
0.758473	22.4
0.759541	22.5
0.760604	22.6
0.761661	22.7
0.762713	22.8
0.763759	22.9
0.7648	23
0.765836	23.1
0.766866	23.2
0.767892	23.3
0.768912	23.4
0.769927	23.5
0.770937	23.6
0.771941	23.7
0.772941	23.8
0.773936	23.9
0.774926	24
0.775911	24.1
0.776891	24.2
0.777866	24.3
0.778837	24.4
0.779803	24.5
0.780764	24.6
0.78172	24.7
0.782672	24.8
0.783619	24.9
0.784561	25
0.785499	25.1
0.786433	25.2
0.787362	25.3
0.788287	25.4
0.789207	25.5
0.790123	25.6
0.791034	25.7
0.791941	25.8
0.792844	25.9
0.793743	26
0.794637	26.1
0.795527	26.2
0.796413	26.3
0.797295	26.4
0.798173	26.5
0.799046	26.6
0.799916	26.7
0.800782	26.8
0.801643	26.9
0.802501	27
0.803355	27.1
0.804204	27.2
0.80505	27.3
0.805892	27.4
0.806731	27.5
0.807565	27.6
0.808396	27.7
0.809222	27.8
0.810046	27.9
0.810865	28
0.811681	28.1
0.812493	28.2
0.813301	28.3
0.814106	28.4
0.814907	28.5
0.815705	28.6
0.816499	28.7
0.817289	28.8
0.818076	28.9
0.81886	29
0.81964	29.1
0.820417	29.2
0.82119	29.3
0.82196	29.4
0.822726	29.5
0.823489	29.6
0.824249	29.7
0.825006	29.8
0.825759	29.9
0.826509	30
0.827255	30.1
0.827999	30.2
0.828739	30.3
0.829476	30.4
0.83021	30.5
0.83094	30.6
0.831668	30.7
0.832392	30.8
0.833114	30.9
0.833832	31
0.834547	31.1
0.835259	31.2
0.835968	31.3
0.836674	31.4
0.837377	31.5
0.838077	31.6
0.838775	31.7
0.839469	31.8
0.84016	31.9
0.840848	32
0.841534	32.1
0.842216	32.2
0.842896	32.3
0.843573	32.4
0.844247	32.5
0.844918	32.6
0.845586	32.7
0.846252	32.8
0.846915	32.9
0.847575	33
0.848232	33.1
0.848887	33.2
0.849539	33.3
0.850188	33.4
0.850834	33.5
0.851478	33.6
0.852119	33.7
0.852758	33.8
0.853394	33.9
0.854027	34
0.854658	34.1
0.855286	34.2
0.855912	34.3
0.856535	34.4
0.857155	34.5
0.857773	34.6
0.858389	34.7
0.859001	34.8
0.859612	34.9
0.86022	35
0.860825	35.1
0.861428	35.2
0.862029	35.3
0.862627	35.4
0.863223	35.5
0.863816	35.6
0.864407	35.7
0.864995	35.8
0.865582	35.9
0.866165	36
0.866747	36.1
0.867326	36.2
0.867903	36.3
0.868477	36.4
0.86905	36.5
0.869619	36.6
0.870187	36.7
0.870752	36.8
0.871315	36.9
0.871876	37
0.872435	37.1
0.872991	37.2
0.873546	37.3
0.874097	37.4
0.874647	37.5
0.875195	37.6
0.87574	37.7
0.876284	37.8
0.876825	37.9
0.877364	38
0.8779	38.1
0.878435	38.2
0.878968	38.3
0.879498	38.4
0.880027	38.5
0.880553	38.6
0.881077	38.7
0.881599	38.8
0.88212	38.9
0.882638	39
0.883154	39.1
0.883668	39.2
0.88418	39.3
0.88469	39.4
0.885198	39.5
0.885704	39.6
0.886208	39.7
0.88671	39.8
0.88721	39.9
0.887708	40
0.888204	40.1
0.888699	40.2
0.889191	40.3
0.889681	40.4
0.89017	40.5
0.890656	40.6
0.891141	40.7
0.891624	40.8
0.892105	40.9
0.892584	41
0.893061	41.1
0.893536	41.2
0.89401	41.3
0.894481	41.4
0.894951	41.5
0.895419	41.6
0.895885	41.7
0.89635	41.8
0.896812	41.9
0.897273	42
0.897732	42.1
0.898189	42.2
0.898645	42.3
0.899098	42.4
0.89955	42.5
0.9	42.6
0.900449	42.7
0.900895	42.8
0.90134	42.9
0.901784	43
0.902225	43.1
0.902665	43.2
0.903103	43.3
0.90354	43.4
0.903974	43.5
0.904407	43.6
0.904839	43.7
0.905268	43.8
0.905697	43.9
0.906123	44
0.906548	44.1
0.906971	44.2
0.907392	44.3
0.907812	44.4
0.908231	44.5
0.908647	44.6
0.909062	44.7
0.909476	44.8
0.909888	44.9
0.910298	45
0.910707	45.1
0.911114	45.2
0.911519	45.3
0.911923	45.4
0.912326	45.5
0.912726	45.6
0.913126	45.7
0.913524	45.8
0.91392	45.9
0.914315	46
0.914708	46.1
0.9151	46.2
0.91549	46.3
0.915878	46.4
0.916266	46.5
0.916651	46.6
0.917036	46.7
0.917418	46.8
0.9178	46.9
0.918179	47
0.918558	47.1
0.918935	47.2
0.91931	47.3
0.919684	47.4
0.920057	47.5
0.920428	47.6
0.920798	47.7
0.921166	47.8
0.921533	47.9
0.921898	48
0.922262	48.1
0.922625	48.2
0.922986	48.3
0.923346	48.4
0.923704	48.5
0.924061	48.6
0.924417	48.7
0.924771	48.8
0.925124	48.9
0.925476	49
0.925826	49.1
0.926175	49.2
0.926523	49.3
0.926869	49.4
0.927214	49.5
0.927557	49.6
0.927899	49.7
0.92824	49.8
0.92858	49.9
0.928918	50
0.929255	50.1
0.929591	50.2
0.929925	50.3
0.930258	50.4
0.93059	50.5
0.93092	50.6
0.931249	50.7
0.931577	50.8
0.931904	50.9
0.932229	51
0.932553	51.1
0.932876	51.2
0.933198	51.3
0.933518	51.4
0.933837	51.5
0.934155	51.6
0.934472	51.7
0.934787	51.8
0.935101	51.9
0.935414	52
0.935726	52.1
0.936036	52.2
0.936346	52.3
0.936654	52.4
0.936961	52.5
0.937266	52.6
0.937571	52.7
0.937874	52.8
0.938176	52.9
0.938477	53
0.938777	53.1
0.939076	53.2
0.939373	53.3
0.93967	53.4
0.939965	53.5
0.940259	53.6
0.940551	53.7
0.940843	53.8
0.941134	53.9
0.941423	54
0.941711	54.1
0.941998	54.2
0.942284	54.3
0.942569	54.4
0.942853	54.5
0.943136	54.6
0.943417	54.7
0.943698	54.8
0.943977	54.9
0.944255	55
0.944532	55.1
0.944808	55.2
0.945083	55.3
0.945357	55.4
0.94563	55.5
0.945901	55.6
0.946172	55.7
0.946441	55.8
0.94671	55.9
0.946977	56
0.947244	56.1
0.947509	56.2
0.947773	56.3
0.948036	56.4
0.948298	56.5
0.948559	56.6
0.948819	56.7
0.949078	56.8
0.949336	56.9
0.949593	57
0.949849	57.1
0.950104	57.2
0.950358	57.3
0.950611	57.4
0.950863	57.5
0.951113	57.6
0.951363	57.7
0.951612	57.8
0.95186	57.9
0.952107	58
0.952353	58.1
0.952597	58.2
0.952841	58.3
0.953084	58.4
0.953326	58.5
0.953567	58.6
0.953807	58.7
0.954046	58.8
0.954284	58.9
0.954521	59
0.954757	59.1
0.954992	59.2
0.955226	59.3
0.95546	59.4
0.955692	59.5
0.955923	59.6
0.956154	59.7
0.956383	59.8
0.956612	59.9
0.956839	60
0.957066	60.1
0.957292	60.2
0.957516	60.3
0.95774	60.4
0.957963	60.5
0.958185	60.6
0.958406	60.7
0.958627	60.8
0.958846	60.9
0.959065	61
0.959282	61.1
0.959499	61.2
0.959714	61.3
0.959929	61.4
0.960143	61.5
0.960356	61.6
0.960569	61.7
0.96078	61.8
0.96099	61.9
0.9612	62
0.961409	62.1
0.961616	62.2
0.961823	62.3
0.96203	62.4
0.962235	62.5
0.962439	62.6
0.962643	62.7
0.962845	62.8
0.963047	62.9
0.963248	63
0.963448	63.1
0.963648	63.2
0.963846	63.3
0.964044	63.4
0.964241	63.5
0.964437	63.6
0.964632	63.7
0.964826	63.8
0.96502	63.9
0.965212	64
0.965404	64.1
0.965595	64.2
0.965786	64.3
0.965975	64.4
0.966164	64.5
0.966352	64.6
0.966539	64.7
0.966725	64.8
0.96691	64.9
0.967095	65
0.967279	65.1
0.967462	65.2
0.967644	65.3
0.967826	65.4
0.968007	65.5
0.968187	65.6
0.968366	65.7
0.968544	65.8
0.968722	65.9
0.968899	66
0.969075	66.1
0.96925	66.2
0.969425	66.3
0.969599	66.4
0.969772	66.5
0.969944	66.6
0.970116	66.7
0.970287	66.8
0.970457	66.9
0.970626	67
0.970795	67.1
0.970962	67.2
0.97113	67.3
0.971296	67.4
0.971462	67.5
0.971627	67.6
0.971791	67.7
0.971954	67.8
0.972117	67.9
0.972279	68
0.972441	68.1
0.972601	68.2
0.972761	68.3
0.97292	68.4
0.973079	68.5
0.973237	68.6
0.973394	68.7
0.97355	68.8
0.973706	68.9
0.973861	69
0.974015	69.1
0.974169	69.2
0.974322	69.3
0.974474	69.4
0.974626	69.5
0.974777	69.6
0.974927	69.7
0.975076	69.8
0.975225	69.9
0.975373	70
0.975521	70.1
0.975668	70.2
0.975814	70.3
0.975959	70.4
0.976104	70.5
0.976248	70.6
0.976392	70.7
0.976535	70.8
0.976677	70.9
0.976819	71
0.97696	71.1
0.9771	71.2
0.977239	71.3
0.977378	71.4
0.977517	71.5
0.977655	71.6
0.977792	71.7
0.977928	71.8
0.978064	71.9
0.978199	72
0.978334	72.1
0.978467	72.2
0.978601	72.3
0.978733	72.4
0.978866	72.5
0.978997	72.6
0.979128	72.7
0.979258	72.8
0.979388	72.9
0.979517	73
0.979645	73.1
0.979773	73.2
0.9799	73.3
0.980026	73.4
0.980152	73.5
0.980278	73.6
0.980403	73.7
0.980527	73.8
0.98065	73.9
0.980773	74
0.980896	74.1
0.981018	74.2
0.981139	74.3
0.98126	74.4
0.98138	74.5
0.981499	74.6
0.981618	74.7
0.981736	74.8
0.981854	74.9
0.981971	75
0.982088	75.1
0.982204	75.2
0.98232	75.3
0.982435	75.4
0.982549	75.5
0.982663	75.6
0.982776	75.7
0.982889	75.8
0.983001	75.9
0.983113	76
0.983224	76.1
0.983334	76.2
0.983444	76.3
0.983554	76.4
0.983663	76.5
0.983771	76.6
0.983879	76.7
0.983986	76.8
0.984093	76.9
0.984199	77
0.984305	77.1
0.98441	77.2
0.984514	77.3
0.984619	77.4
0.984722	77.5
0.984825	77.6
0.984928	77.7
0.98503	77.8
0.985131	77.9
0.985232	78
0.985333	78.1
0.985532	78.3
0.985729	78.5
0.985925	78.7
0.986118	78.9
0.98631	79.1
0.986499	79.3
0.986686	79.5
0.986872	79.7
0.987056	79.9
0.987237	80.1
0.987417	80.3
0.987595	80.5
0.987771	80.7
0.987945	80.9
0.988117	81.1
0.988288	81.3
0.988456	81.5
0.988623	81.7
0.988788	81.9
0.988951	82.1
0.989113	82.3
0.989272	82.5
0.98943	82.7
0.989587	82.9
0.989741	83.1
0.989894	83.3
0.990045	83.5
0.990194	83.7
0.990342	83.9
0.990488	84.1
0.990633	84.3
0.990775	84.5
0.990916	84.7
0.991056	84.9
0.991194	85.1
0.99133	85.3
0.991465	85.5
0.991598	85.7
0.99173	85.9
0.99186	86.1
0.991989	86.3
0.992116	86.5
0.992242	86.7
0.992366	86.9
0.992489	87.1
0.99261	87.3
0.992729	87.5
0.992848	87.7
0.992965	87.9
0.99308	88.1
0.993194	88.3
0.993307	88.5
0.993418	88.7
0.993528	88.9
0.993636	89.1
0.993744	89.3
0.99385	89.5
0.993954	89.7
0.994057	89.9
0.994159	90.1
0.99426	90.3
0.994408	90.6
0.994554	90.9
0.994697	91.2
0.994837	91.5
0.994974	91.8
0.995108	92.1
0.99524	92.4
0.995369	92.7
0.995496	93
0.99562	93.3
0.995741	93.6
0.99586	93.9
0.995977	94.2
0.996091	94.5
0.996203	94.8
0.996312	95.1
0.996419	95.4
0.996524	95.7
0.996626	96
0.996726	96.3
0.996856	96.7
0.996982	97.1
0.997105	97.5
0.997224	97.9
0.997339	98.3
0.99745	98.7
0.997558	99.1
0.997663	99.5
0.997764	99.9
0.997886	100.4
0.998003	100.9
0.998115	101.4
0.998223	101.9
0.998326	102.4
0.998443	103
0.998555	103.6
0.99866	104.2
0.998776	104.9
0.998884	105.6
0.998985	106.3
0.999092	107.1
0.999202	108
0.999313	109
0.999421	110.1
0.999524	111.3
0.999626	112.7
0.999728	114.4
0.999831	116.7
0.999932	120.3
