1736 2497
1737 17403
1738 9147
1739 5111
1740 30473
1742 9604
1743 39611
1744 13726
1745 1214
1746 1070
1747 5200
1748 93223
1749 6972
1750 6981
1751 6670
1752 366
1753 6523
1754 6463
1755 6352
1758 6081
1759 6521
1760 6616
1761 7010
1762 6921
1763 6705
1764 6782
1765 4908
1766 5109
1767 3931
1768 4163
1769 2201
1770 3915
1772 2675
1773 1226
1774 844
1775 191
1776 3980
1777 4421
1778 4192
1779 4025
1780 4497
1781 307
1782 779
1783 76
1784 424
1785 12383
1786 2747
1787 79
1788 88
1789 37
1790 85
1791 65
1792 106
1793 45
1794 115
1795 100
1796 111
1797 82
1798 34
1799 34
1801 64
1805 2578
1806 4041
1807 1465
1808 2068
1809 9565
1810 7422
1811 39341
1812 32523
1813 25783
1814 17953
1815 59789
1816 7456
1817 9337
1818 38080
1819 42063
1820 25159
1821 16382
1822 26320
1823 12136
1824 1029
1825 67656
1826 14194
1827 19871
1828 21059
1829 21296
1830 8
1832 7724
1833 4062
1834 16507
1836 28358
1838 23480
1839 90
1840 413
1841 2510
1843 114
1844 44
1845 151
1846 98
1847 67
1848 92
1849 75
1850 75
1851 363
1852 61
1853 64
1854 3949
1855 1856
1861 11348
1862 25602
1863 10011
1864 12311
1866 11808
1867 6235
1868 24978
1869 29378
1870 6773
1871 13425
1872 29860
1873 20334
1874 6856
1875 10120
1877 1324
1878 6420
1879 5280
1880 34524
1881 4295
1882 23275
1883 291
1884 9623
1887 164
1888 254
1889 5452
1890 20243
1891 11579
1892 4019
1893 838
1894 451
1895 3217
1896 3789
1900 68
1901 1346
1902 224
1903 1379
1906 216
1907 337
1909 406
1910 52572
1911 7078
1912 7039
1913 7040
1914 7163
1915 7180
1916 5617
1917 10447
1918 9907
1919 10186
1920 10645
1921 10997
1922 11205
1923 10840
1924 9072
1925 26210
1926 4506
1928 13081
1929 9390
1930 41507
1931 50093
1932 46175
1933 3089
1934 83
1935 41
1936 2060
1937 2059
1938 2307
1939 2061
1940 2061
1941 2059
1942 2060
1943 2060
1944 2061
1945 2061
1946 2061
1947 2061
1948 2061
1949 2060
1950 2060
1952 2062
1953 2062
1954 2061
1955 2060
1956 2061
1957 2061
1958 2061
1959 2061
1960 2062
1961 2061
1962 2062
1963 2062
1964 2063
1965 2062
1966 2062
1967 2062
1968 2061
1969 2061
1970 2059
1971 2060
1973 2060
1981 15
1982 22
1983 13
1984 2067
1985 1910
1986 2065
1989 2067
1990 1928
1991 2026
1992 2067
1993 2069
1994 2068
1995 2068
1996 2069
1997 2069
1998 2069
1999 2016
2000 2067
2001 2069
2002 1898
2005 1805
2008 215
2011 248
2012 350
2013 364
2014 439
2015 2065
2016 2065
2017 2065
2018 233
2020 1860
2021 1364
2023 2065
2024 2008
2025 1926
2026 2066
2027 1968
2028 2065
2029 2003
2030 2066
2031 2066
2032 2014
2034 1858
2035 1893
2036 2067
2037 2066
2039 728
2040 2065
2041 2063
2042 2065
2043 2065
2044 2066
2045 2066
2046 2067
2047 2067
2049 39
2050 85
2051 88
2052 74
2053 473
2054 433
2055 360
2056 146
2057 72
2058 94
2059 119
2060 120
2061 108
2064 228
2065 28
2066 150
2073 1863
2074 61
2075 228
2076 82
2077 81
2078 88
2080 32
2081 69
2082 52
2083 244
2084 543
2085 402
2086 357
2087 271
2088 226
2089 107
2090 98
2092 129
2093 114
2094 147
2096 121
2097 1522
2099 416
2101 312
2102 331
2103 285
2104 379
2105 163
2106 288
2107 106
2108 44
2109 86
2110 68
2111 52
2112 466
2113 240
2114 260
2115 129
2116 520
2117 224
2118 172
2119 105
2120 353
2121 326
2124 163
2125 235
2130 229
2131 132
2132 175
2133 9
2134 6
2135 19
2136 34
2137 51
2138 216
2139 7
2140 18
2142 1210
2143 412
2144 246
2145 201
2146 1
2147 25
2149 1576
2150 209
2151 106
2152 2875
2153 133
2156 211
2157 3123
2158 823
2159 2581
2160 20
2161 52
2162 5158
2163 5154
2164 8355
2165 1164
2166 677
2167 601
2170 31
2171 63
2172 86
2173 1881
2175 1
2176 1
2178 735
2179 7734
2181 4819
2182 4886
2183 14887
2184 20763
2185 29822
2186 7339
2187 3826
2189 11308
2190 6035
2191 14840
2192 11439
2193 8057
2194 12423
2199 260
2200 66
2201 3486
2202 29592
2203 19338
2206 4985
2207 252
2209 5717
2219 1647
2220 2010
2222 8489
2223 3085
2224 261
2225 2095
2226 8502
2227 1543
2228 123
2229 1613
2230 1381
2231 1052
2232 4114
2233 2113
2234 13730
2235 3573
2236 6871
2237 2101
2238 18193
2240 13635
2241 20986
2242 9650
2243 49150
2244 2950
2245 8123
2246 22150
2247 14994
2248 9229
2249 2054
2250 56941
2251 79481
2253 82143
2254 4389
2255 75972
2256 76840
2257 71064
2258 68663
2260 256
2261 75385
2262 70700
2263 11347
2264 76854
2265 4548
2266 3026
2267 37014
2270 113489
2271 53254
2272 110162
2273 86832
2274 111436
2275 74554
2276 82858
2281 432
2282 1
2283 80415
2284 87900
2285 5173
2286 12278
2287 815
2288 14466
2289 12718
2290 13877
2291 30560
2292 77780
2293 22412
2294 35911
2295 501
2296 542
2297 13909
2298 5640
2299 6259
2300 1384
2301 24851
2303 3257
2304 60199
2306 74860
2307 2061
2308 432
2309 614
2310 75371
2311 93435
2312 25858
2314 79031
2315 78086
2317 2499
2318 6029
2320 52084
2321 8388
2322 73227
2323 74409
2324 100162
2325 93024
2326 109570
2329 741
2331 98879
2332 99980
2333 104823
2334 99410
2335 100424
2336 100753
2337 98888
2338 4294
2340 99774
2341 100508
2342 35883
2345 928
2346 777
2348 664
2349 9416
2362 97783
2363 98388
2364 101039
2368 109275
2369 105066
2370 92089
2371 89479
2372 115113
2373 92377
2374 107419
2375 109628
2376 118292
2378 34329
2379 95112
2380 28465
2381 98063
2382 82411
2383 81165
2384 96686
2385 103278
2386 102155
2387 103636
2388 94414
2389 97055
2390 93279
2391 87152
2392 97930
2393 91605
2394 85309
2395 89201
2396 89601
2397 87065
2398 83530
2399 90695
2400 73091
2401 65587
2402 20968
2403 3652
2404 3
2406 95539
2407 91283
2408 29897
2409 71374
2410 4244
2411 75915
2412 841
2413 6840
2414 9745
2415 71159
2416 376
2417 40455
2420 16989
2422 89427
2424 82413
2425 81518
2426 72013
2427 58075
2428 11574
2429 19642
2430 1100
2431 86869
2432 67794
2433 67950
2434 66740
2435 8568
2437 68906
2438 68047
2439 80613
2440 75262
2441 686
2442 73984
2450 2001
2451 657
2453 62533
2454 30904
2455 7146
2456 66171
2458 635
2459 2324
2460 83223
2461 66507
2462 73588
2463 85787
2464 10485
2467 1069
2468 50170
2469 49018
2470 49981
2471 16643
2472 2172
2473 4619
2474 1441
2475 5526
2476 3055
2477 41103
2478 40017
2479 4771
2480 69716
2481 3572
2482 29722
2483 29991
2484 1823
2485 1443
2486 351
2487 4761
2492 790
2493 1058
2494 6331
2495 369
2496 688
2497 73314
2500 4285
2501 68001
2502 66509
2503 66072
2504 8465
2505 61957
2506 56491
2507 54770
2508 63047
2509 44075
2516 184
2518 92
2519 405
2526 13023
2529 3866
2534 3745
2535 1114
2536 47241
2540 270
2541 217
2542 54441
2543 60097
2544 53322
2545 13483
2546 60455
2547 52712
2548 4585
2549 9718
2550 74473
2551 34958
2552 66544
2553 72778
2554 90841
2555 80018
2556 87618
2557 78171
2558 73866
2559 66874
2560 91907
2562 92098
2563 81895
2564 78572
2565 78840
2566 97396
2567 93625
2568 99304
2569 104663
2570 106777
2571 101007
2572 102786
2573 13232
2574 92461
2575 91023
2576 12956
2577 288
2578 89597
2579 92265
2580 94913
2581 94486
2582 72735
2583 75616
2584 52827
2585 50238
2586 81229
2587 107502
2588 96512
2589 119310
2590 87035
2591 79359
2592 83980
2593 80466
2594 82127
2595 14120
2596 92868
2597 79621
2598 95335
2599 76071
2600 82986
2601 9475
2602 1534
2603 40006
2604 40272
2605 42702
2606 1882
2607 60029
2608 563
2609 40168
2610 39980
2611 6175
2612 77426
2613 75053
2615 4236
2616 1261
2617 68277
2618 71378
2619 77804
2620 75616
2621 69262
2622 77474
2623 79713
2624 23705
2628 2
2629 2
2630 2
2631 3651
2632 2488
2633 88015
2634 92994
2638 1
2639 3
2641 493
2642 837
2643 88950
2645 89908
2646 82162
2647 81876
2648 11711
2649 10218
2650 100472
2651 1448
2652 41097
2653 33870
2654 1369
2656 2
2657 2061
2658 1867
2659 2063
2660 2083
2661 2063
2662 2063
2663 2062
2664 2061
2665 2063
2667 2064
2668 2062
2669 2063
2670 2065
2671 2064
2672 2063
2673 2063
2674 2063
2675 2062
2676 2064
2677 2063
2678 2061
2679 663
2680 2554
2681 2064
2682 2065
2683 2063
2684 2063
2685 2064
2686 2064
2687 2065
2688 2063
2689 2063
2690 2065
2691 2063
2692 2065
2693 2065
2694 2065
2695 2065
2696 2065
2697 2065
2698 2065
2699 2065
2700 2065
2701 2066
2702 992
2704 2065
2705 2066
2706 2063
2708 1841
2709 2067
2710 1489
2711 2066
2712 2067
2713 2064
2714 2066
2715 2064
2716 2066
2717 1875
2718 513
2719 2066
2720 2067
2721 2067
2722 2065
2723 2067
2724 2067
2725 2067
2726 2065
2727 2066
2728 2067
2729 2066
2730 2065
2731 2065
2732 2061
2733 2067
2734 2067
2735 2067
2736 2066
2738 1438
2739 2067
2740 2067
2741 2067
2743 2065
2744 2067
2745 2065
2746 2067
2747 2067
2748 2065
2749 2066
2750 2066
2751 2067
2752 2065
2753 2066
2754 2065
2755 2067
2756 2066
2757 2067
2758 2065
2759 1728
2760 4320
2761 2066
2762 5844
2763 12
2764 230
2765 1157
2766 19
2767 2036
2768 9231
2769 1700
2771 1501
2772 2223
2774 5072
2775 1776
2776 4
2777 3546
2778 121
2779 763
2781 7
2782 24
2783 1472
2784 1459
2785 1450
2786 1469
2787 1490
2788 1443
2789 1456
2790 1424
2791 1528
2792 1465
2793 1566
2795 1522
2796 1481
2797 221
2801 1379
2802 1628
2803 323
2804 648
2805 1080
2806 168
2807 88
2808 81
2809 119
2810 109
2811 350
2812 77
2813 8067
2814 2736
2815 8057
2816 8067
2821 9119
2823 12355
2824 19966
2829 1247
2831 2542
2832 12339
2833 25736
2834 68
2835 36
2836 11281
2838 13817
2839 120215
2840 48571
2841 85241
2843 83735
2844 18427
2845 75291
2846 75581
2848 8231
2849 73807
2850 70228
2851 75209
2852 83753
2855 75845
2856 10944
2857 84234
2858 88711
2859 75357
2860 84405
2861 84666
2875 92098
2877 90952
2878 87321
2879 73034
2880 80168
2881 75153
2882 86946
2883 91515
2884 60403
2887 91771
2888 90972
2889 89712
2890 86247
2891 75440
2892 13157
2893 73908
2894 94285
2896 65286
2898 115149
2899 71200
2900 86916
2901 88750
2902 85788
2903 102451
2904 82746
2905 91334
2907 68421
2911 5735
2913 5475
2914 19492
2916 83421
2917 84578
2918 8575
2919 93087
2920 90909
2921 86144
2922 77767
2924 59660
2925 84454
2926 89957
2927 92891
2928 8201
2929 40790
2930 81973
2931 82227
2932 87435
2933 87993
2934 90267
2935 89660
2936 88915
2937 449
2938 8080
2939 88721
2940 83467
2941 89232
2942 86283
2943 91411
2944 88076
2945 92661
2946 90389
2947 8236
2948 91717
2949 76133
2955 86941
2956 89041
2958 90877
2959 88566
2960 88513
2961 85847
2962 87528
2963 8171
2964 97362
2965 98817
2966 61744
2967 1380
2968 29485
2969 83772
2970 87448
2971 96290
2972 89277
2973 89248
2974 8151
2975 87877
2976 89335
2977 20105
2978 88548
2979 92390
2980 88897
2981 47010
2982 85642
2983 87857
2984 5524
2985 94844
2986 97715
2987 9401
2988 88216
2989 73691
2990 94513
2991 92121
2992 86269
2993 32561
2997 73319
2998 10577
2999 92780
3000 51503
3002 80285
3003 81880
3004 90650
3007 78936
3008 34534
3009 1
3010 92802
3011 9182
3012 27769
3013 171132
3014 18205
3015 10661
3016 8099
3017 50035
3018 50047
3019 50083
3020 1015
3021 55099
3022 5436
3023 40600
3024 17914
3025 15364
3026 4157
3027 50239
3028 50247
3030 46578
3031 2500
3032 28254
3033 5314
3034 27033
3036 54394
3037 8192
3039 44087
3040 1
3041 1
3042 2058
3043 369
3054 1983
3055 13106
3057 1149
3058 9694
3059 51844
3060 8356
3061 75026
3062 75107
3065 77015
3066 78609
3068 82656
3069 82241
3070 22093
3071 80717
3072 167
3073 3927
3074 85932
3075 80862
3076 81272
3077 82343
3078 79388
3079 752
3080 84146
3081 85110
3082 96661
3083 35923
3084 82727
3085 79482
3086 9877
3087 53830
3088 74197
3089 75040
3090 58606
3091 81785
3092 77360
3093 79139
3094 43379
3095 77732
3096 8334
3097 83606
3098 15940
3100 1237
3101 8921
3102 79960
3103 75607
3104 9052
3106 50059
3107 283
3109 51759
3112 50092
3114 32192
3117 663
3118 11097
3120 481
3121 11226
3122 11257
3123 2230
3125 3767
3126 62
3127 1059
3130 50159
3131 16920
3132 1012
3134 51088
3136 52713
3138 79517
3139 79751
3140 80091
3141 27618
3142 83220
3143 80146
3144 79054
3145 75305
3146 76015
3147 13717
3148 76188
3149 78093
3150 76135
3151 72585
3152 76136
3153 88335
3154 80989
3155 86190
3156 83504
3157 78287
3158 82670
3159 25496
3163 9093
3164 5437
3165 35968
3166 12908
3167 81340
3168 74843
3169 32106
3170 75694
3171 11553
3172 17062
3173 14215
3174 27059
3175 4779
3176 43852
3177 74879
3178 11989
3179 92440
3180 62405
3181 51866
3182 75584
3183 80571
3184 8735
3186 533
3187 43687
3189 679
3190 3924
3191 44556
3192 4710
3193 78555
3194 28770
3195 41489
3196 43349
3198 5473
3199 5878
3200 6811
3201 9038
3202 59518
3203 44080
3204 40107
3205 34016
3206 10130
3207 46838
3208 44688
3209 46020
3210 41641
3211 31712
3212 7122
3213 3508
3214 2071
3215 2070
3216 2071
3217 2071
3218 2070
3219 2070
