  0.500   0.00191400   0.00006191   0.00022200   0.00002107   0.00015600   0.00001766  12.26923077   1.44473135   0.00207000   0.00006438  
     1.500   0.00337200   0.00008205   0.00040600   0.00002849   0.00029600   0.00002433  11.39189189   0.97651023   0.00366800   0.00008558  
     2.500   0.00421200   0.00009173   0.00055400   0.00003328   0.00039400   0.00002807  10.69035533   0.79637240   0.00460600   0.00009593  
     3.500   0.00474400   0.00009746   0.00074200   0.00003852   0.00045400   0.00003026  10.44933921   0.72884472   0.00519800   0.00010205  
     4.500   0.00517000   0.00010167   0.00084400   0.00004108   0.00050600   0.00003181  10.21739130   0.67297752   0.00567600   0.00010653  
     5.500   0.00548200   0.00010472   0.00095200   0.00004362   0.00052000   0.00003224  10.54230769   0.68403646   0.00600200   0.00010957  
     6.500   0.00595800   0.00010907   0.00099800   0.00004467   0.00057800   0.00003400  10.30795848   0.63495195   0.00653600   0.00011425  
     7.500   0.00577800   0.00010749   0.00112200   0.00004736   0.00062000   0.00003521   9.31935484   0.55689718   0.00639800   0.00011311  
     8.500   0.00636800   0.00011282   0.00128400   0.00005066   0.00065200   0.00003611   9.76687117   0.56785298   0.00702000   0.00011845  
     9.500   0.00616000   0.00011093   0.00146000   0.00005402   0.00069400   0.00003725   8.87608069   0.50251100   0.00685400   0.00011702  
    10.500   0.00657200   0.00011460   0.00159600   0.00005669   0.00063800   0.00003572  10.30094044   0.60397766   0.00721000   0.00012003  
    11.500   0.00669400   0.00011569   0.00163800   0.00005728   0.00068200   0.00003693   9.81524927   0.55784985   0.00737600   0.00012144  
    12.500   0.00685200   0.00011697   0.00182400   0.00006037   0.00062800   0.00003543  10.91082803   0.64319401   0.00748000   0.00012222  
    13.500   0.00677600   0.00011642   0.00178200   0.00005974   0.00072800   0.00003815   9.30769231   0.51331376   0.00750400   0.00012251  
    14.500   0.00701400   0.00011850   0.00197200   0.00006277   0.00074600   0.00003862   9.40214477   0.51199925   0.00776000   0.00012464  
    15.500   0.00702800   0.00011859   0.00225800   0.00006716   0.00073000   0.00003820   9.62739726   0.52936991   0.00775800   0.00012459  
    16.500   0.00715800   0.00011960   0.00224600   0.00006704   0.00076200   0.00003903   9.39370079   0.50611568   0.00792000   0.00012581  
    17.500   0.00763400   0.00012368   0.00233800   0.00006840   0.00076000   0.00003898  10.04473684   0.54027939   0.00839400   0.00012968  
    18.500   0.00745200   0.00012212   0.00259000   0.00007198   0.00079200   0.00003979   9.40909091   0.49724080   0.00824400   0.00012844  
    19.500   0.00753600   0.00012267   0.00269400   0.00007341   0.00078400   0.00003959   9.61224490   0.50999065   0.00832000   0.00012890  
    20.500   0.00751200   0.00012260   0.00267000   0.00007303   0.00087000   0.00004170   8.63448276   0.43723450   0.00838200   0.00012950  
    21.500   0.00769400   0.00012397   0.00281800   0.00007507   0.00088600   0.00004209   8.68397291   0.43558196   0.00858000   0.00013092  
    22.500   0.00769000   0.00012410   0.00294800   0.00007678   0.00085800   0.00004142   8.96270396   0.45616846   0.00854800   0.00013083  
    23.500   0.00811600   0.00012737   0.00286200   0.00007560   0.00091000   0.00004265   8.91868132   0.44082827   0.00902600   0.00013432  
    24.500   0.00797400   0.00012635   0.00294600   0.00007681   0.00097400   0.00004413   8.18685832   0.39292326   0.00894800   0.00013383  
    25.500   0.00823200   0.00012848   0.00309000   0.00007860   0.00101000   0.00004493   8.15049505   0.38426838   0.00924200   0.00013611  
    26.500   0.00809400   0.00012732   0.00322200   0.00008021   0.00095600   0.00004372   8.46652720   0.40942378   0.00905000   0.00013462  
    27.500   0.00827600   0.00012867   0.00330600   0.00008139   0.00105200   0.00004586   7.86692015   0.36408243   0.00932800   0.00013660  
    28.500   0.00879200   0.00013249   0.00310600   0.00007881   0.00099400   0.00004458   8.84507042   0.41845436   0.00978600   0.00013979  
    29.500   0.00845000   0.00012982   0.00331400   0.00008144   0.00108800   0.00004663   7.76654412   0.35363436   0.00953800   0.00013794  
    30.500   0.00841200   0.00012990   0.00322200   0.00008031   0.00101600   0.00004507   8.27952756   0.38886953   0.00942800   0.00013749  
    31.500   0.00865400   0.00013149   0.00328200   0.00008095   0.00106200   0.00004607   8.14877589   0.37458619   0.00971600   0.00013933  
    32.500   0.00880600   0.00013269   0.00348000   0.00008340   0.00103400   0.00004546   8.51644101   0.39583430   0.00984000   0.00014026  
    33.500   0.00882800   0.00013285   0.00339800   0.00008237   0.00104000   0.00004568   8.48846154   0.39413792   0.00986800   0.00014049  
    34.500   0.00863600   0.00013147   0.00337000   0.00008203   0.00107800   0.00004642   8.01113173   0.36589533   0.00971400   0.00013943  
    35.500   0.00902000   0.00013431   0.00342400   0.00008273   0.00105400   0.00004590   8.55787476   0.39387112   0.01007400   0.00014193  
    36.500   0.00882200   0.00013278   0.00339400   0.00008232   0.00119200   0.00004881   7.40100671   0.32288928   0.01001400   0.00014147  
    37.500   0.00874000   0.00013226   0.00357200   0.00008449   0.00119600   0.00004898   7.30769231   0.31902229   0.00993600   0.00014103  
    38.500   0.00856800   0.00013087   0.00341800   0.00008261   0.00105600   0.00004594   8.11363636   0.37412908   0.00962400   0.00013870  
    39.500   0.00869200   0.00013183   0.00352600   0.00008395   0.00114400   0.00004782   7.59790210   0.33785483   0.00983600   0.00014024  
    40.500   0.00845400   0.00013003   0.00346000   0.00008311   0.00129000   0.00005078   6.55348837   0.27695522   0.00974400   0.00013960  
    41.500   0.00856200   0.00013101   0.00347000   0.00008328   0.00114000   0.00004774   7.51052632   0.33483000   0.00970200   0.00013943  
    42.500   0.00832200   0.00012890   0.00342800   0.00008283   0.00129200   0.00005082   6.44117647   0.27227913   0.00961400   0.00013855  
    43.500   0.00852400   0.00013066   0.00348600   0.00008343   0.00121000   0.00004918   7.04462810   0.30600338   0.00973400   0.00013961  
    44.500   0.00815000   0.00012760   0.00323200   0.00008033   0.00133600   0.00005167   6.10029940   0.25454608   0.00948600   0.00013767  
    45.500   0.00829400   0.00012884   0.00319600   0.00007994   0.00117800   0.00004852   7.04074703   0.30996036   0.00947200   0.00013767  
    46.500   0.00800400   0.00012649   0.00320200   0.00008021   0.00134200   0.00005179   5.96423249   0.24872081   0.00934600   0.00013668  
    47.500   0.00805200   0.00012699   0.00318000   0.00007969   0.00114000   0.00004782   7.06315789   0.31652756   0.00919200   0.00013570  
    48.500   0.00780800   0.00012510   0.00334200   0.00008179   0.00124200   0.00004982   6.28663446   0.27156720   0.00905000   0.00013466  
    49.500   0.00763200   0.00012344   0.00335000   0.00008188   0.00126200   0.00005022   6.04754358   0.25979039   0.00889400   0.00013327  
    50.500   0.00768000   0.00012386   0.00314000   0.00007923   0.00125200   0.00005002   6.13418530   0.26430716   0.00893200   0.00013358  
    51.500   0.00762400   0.00012334   0.00313400   0.00007911   0.00128000   0.00005058   5.95625000   0.25432856   0.00890400   0.00013331  
    52.500   0.00725400   0.00012050   0.00316600   0.00007966   0.00130000   0.00005097   5.58000000   0.23761810   0.00855400   0.00013083  
    53.500   0.00764800   0.00012373   0.00312400   0.00007898   0.00128800   0.00005074   5.93788820   0.25286845   0.00893600   0.00013373  
    54.500   0.00704200   0.00011853   0.00311200   0.00007888   0.00117600   0.00004848   5.98809524   0.26665610   0.00821800   0.00012807  
    55.500   0.00696600   0.00011800   0.00307600   0.00007843   0.00126400   0.00005026   5.51107595   0.23820420   0.00823000   0.00012826  
    56.500   0.00707600   0.00011899   0.00310000   0.00007873   0.00128000   0.00005066   5.52812500   0.23771881   0.00835600   0.00012932  
    57.500   0.00686400   0.00011717   0.00291400   0.00007629   0.00131200   0.00005121   5.23170732   0.22287224   0.00817600   0.00012787  
    58.500   0.00684000   0.00011700   0.00300600   0.00007748   0.00129600   0.00005090   5.27777778   0.22607159   0.00813600   0.00012759  
    59.500   0.00663400   0.00011524   0.00307400   0.00007835   0.00127000   0.00005038   5.22362205   0.22622280   0.00790400   0.00012577  
    60.500   0.00629600   0.00011229   0.00298000   0.00007720   0.00124000   0.00004978   5.07741935   0.22305873   0.00753600   0.00012283  
    61.500   0.00638600   0.00011294   0.00286200   0.00007566   0.00124600   0.00004990   5.12520064   0.22439426   0.00763200   0.00012347  
    62.500   0.00614400   0.00011083   0.00290000   0.00007616   0.00122800   0.00004954   5.00325733   0.22110962   0.00737200   0.00012139  
    63.500   0.00625000   0.00011184   0.00289800   0.00007613   0.00135000   0.00005202   4.62962963   0.19669660   0.00760000   0.00012335  
    64.500   0.00596600   0.00010936   0.00271200   0.00007365   0.00127400   0.00005046   4.68288854   0.20438487   0.00724000   0.00012044  
    65.500   0.00591600   0.00010880   0.00276800   0.00007451   0.00128200   0.00005062   4.61466459   0.20100408   0.00719800   0.00012000  
    66.500   0.00592200   0.00010871   0.00261400   0.00007226   0.00128400   0.00005074   4.61214953   0.20095622   0.00720600   0.00011996  
    67.500   0.00544000   0.00010420   0.00273600   0.00007392   0.00121600   0.00004938   4.47368421   0.20087112   0.00665600   0.00011531  
    68.500   0.00584800   0.00010817   0.00256400   0.00007162   0.00127600   0.00005050   4.58307210   0.20022125   0.00712400   0.00011938  
    69.500   0.00545600   0.00010451   0.00253000   0.00007109   0.00121400   0.00004926   4.49423394   0.20165840   0.00667000   0.00011554  
    70.500   0.00527200   0.00010270   0.00273800   0.00007400   0.00117600   0.00004848   4.48299320   0.20441635   0.00644800   0.00011357  
    71.500   0.00506400   0.00010063   0.00256600   0.00007159   0.00125600   0.00005010   4.03184713   0.17968822   0.00632000   0.00011241  
    72.500   0.00507200   0.00010071   0.00252000   0.00007100   0.00115200   0.00004799   4.40277778   0.20316640   0.00622400   0.00011156  
    73.500   0.00500800   0.00010011   0.00256400   0.00007162   0.00121400   0.00004926   4.12520593   0.18659814   0.00622200   0.00011158  
    74.500   0.00495600   0.00009956   0.00232600   0.00006817   0.00116600   0.00004828   4.25042882   0.19560259   0.00612200   0.00011064  
    75.500   0.00487400   0.00009885   0.00232600   0.00006822   0.00121000   0.00004918   4.02809917   0.18296856   0.00608400   0.00011041  
    76.500   0.00440800   0.00009383   0.00226400   0.00006731   0.00107600   0.00004638   4.09665428   0.19693228   0.00548400   0.00010467  
    77.500   0.00457200   0.00009564   0.00233400   0.00006834   0.00109400   0.00004685   4.17915905   0.19917678   0.00566600   0.00010650  
    78.500   0.00458200   0.00009583   0.00231600   0.00006802   0.00110600   0.00004702   4.14285714   0.19628200   0.00568800   0.00010674  
    79.500   0.00444600   0.00009419   0.00219000   0.00006615   0.00103200   0.00004542   4.30813953   0.21043078   0.00547800   0.00010457  
    80.500   0.00428200   0.00009257   0.00222600   0.00006669   0.00110600   0.00004702   3.87160940   0.18465177   0.00538800   0.00010383  
    81.500   0.00431000   0.00009279   0.00218200   0.00006609   0.00110600   0.00004702   3.89692586   0.18569930   0.00541600   0.00010402  
    82.500   0.00419000   0.00009149   0.00210000   0.00006490   0.00108800   0.00004663   3.85110294   0.18525438   0.00527800   0.00010269  
    83.500   0.00411600   0.00009077   0.00200800   0.00006334   0.00111400   0.00004719   3.69479354   0.17644941   0.00523000   0.00010230  
    84.500   0.00381200   0.00008742   0.00190600   0.00006171   0.00105200   0.00004586   3.62357414   0.17847718   0.00486400   0.00009871  
    85.500   0.00375600   0.00008659   0.00194000   0.00006226   0.00112200   0.00004736   3.34759358   0.16099845   0.00487800   0.00009869  
    86.500   0.00374800   0.00008664   0.00203000   0.00006369   0.00096000   0.00004381   3.90416667   0.19971099   0.00470800   0.00009708  
    87.500   0.00363600   0.00008520   0.00193400   0.00006216   0.00103400   0.00004546   3.51644101   0.17519823   0.00467000   0.00009657  
    88.500   0.00360800   0.00008506   0.00192000   0.00006200   0.00105200   0.00004586   3.42965779   0.16996446   0.00466000   0.00009663  
    89.500   0.00359000   0.00008471   0.00182200   0.00006034   0.00107400   0.00004633   3.34264432   0.16436571   0.00466400   0.00009655  
    90.500   0.00355400   0.00008438   0.00181800   0.00006027   0.00101600   0.00004515   3.49803150   0.17625707   0.00457000   0.00009570  
    91.500   0.00331000   0.00008144   0.00185400   0.00006093   0.00096200   0.00004385   3.44074844   0.17823682   0.00427200   0.00009250  
    92.500   0.00333000   0.00008159   0.00177400   0.00005961   0.00093600   0.00004326   3.55769231   0.18609398   0.00426600   0.00009235  
    93.500   0.00315200   0.00007939   0.00179200   0.00005984   0.00089800   0.00004237   3.51002227   0.18772859   0.00405000   0.00008998  
    94.500   0.00310200   0.00007870   0.00180800   0.00006017   0.00102000   0.00004515   3.04117647   0.15517540   0.00412200   0.00009074  
    95.500   0.00308600   0.00007850   0.00160800   0.00005669   0.00093600   0.00004326   3.29700855   0.17392587   0.00402200   0.00008963  
    96.500   0.00290800   0.00007621   0.00169800   0.00005825   0.00088400   0.00004204   3.28959276   0.17861614   0.00379200   0.00008703  
    97.500   0.00277400   0.00007449   0.00167200   0.00005780   0.00090200   0.00004246   3.07538803   0.16667681   0.00367600   0.00008574  
    98.500   0.00282800   0.00007521   0.00168000   0.00005801   0.00088200   0.00004199   3.20634921   0.17485006   0.00371000   0.00008613  
    99.500   0.00290000   0.00007616   0.00149400   0.00005464   0.00083000   0.00004073   3.49397590   0.19448127   0.00373000   0.00008636  
   100.500   0.00271400   0.00007368   0.00155200   0.00005569   0.00084800   0.00004117   3.20047170   0.17803647   0.00356200   0.00008440  
   101.500   0.00258600   0.00007193   0.00144200   0.00005368   0.00085600   0.00004137   3.02102804   0.16844880   0.00344200   0.00008297  
   102.500   0.00261000   0.00007231   0.00142200   0.00005331   0.00078800   0.00003969   3.31218274   0.19040595   0.00339800   0.00008249  
   103.500   0.00245400   0.00007001   0.00134400   0.00005183   0.00080000   0.00003999   3.06750000   0.17656110   0.00325400   0.00008063  
   104.500   0.00248600   0.00007047   0.00139400   0.00005278   0.00082200   0.00004054   3.02433090   0.17203088   0.00330800   0.00008130  
   105.500   0.00239400   0.00006921   0.00145200   0.00005387   0.00079400   0.00003984   3.01511335   0.17460890   0.00318800   0.00007986  
   106.500   0.00216600   0.00006578   0.00135800   0.00005210   0.00073600   0.00003836   2.94293478   0.17752392   0.00290200   0.00007615  
   107.500   0.00239200   0.00006913   0.00129800   0.00005101   0.00079600   0.00003989   3.00502513   0.17384229   0.00318800   0.00007981  
   108.500   0.00225200   0.00006707   0.00136600   0.00005225   0.00074800   0.00003867   3.01069519   0.17963273   0.00300000   0.00007742  
   109.500   0.00215200   0.00006563   0.00118800   0.00004873   0.00080800   0.00004019   2.66336634   0.15539877   0.00296000   0.00007696  
   110.500   0.00230000   0.00006790   0.00122200   0.00004950   0.00071200   0.00003773   3.23033708   0.19595073   0.00301200   0.00007768  
   111.500   0.00212600   0.00006517   0.00122200   0.00004950   0.00065400   0.00003616   3.25076453   0.20551511   0.00278000   0.00007453  
   112.500   0.00207600   0.00006440   0.00121200   0.00004922   0.00072600   0.00003810   2.85950413   0.17431750   0.00280200   0.00007483  
   113.500   0.00197200   0.00006277   0.00118600   0.00004869   0.00073600   0.00003836   2.67934783   0.16362876   0.00270800   0.00007356  
   114.500   0.00195600   0.00006252   0.00121400   0.00004926   0.00069600   0.00003730   2.81034483   0.17537223   0.00265200   0.00007280  
   115.500   0.00182600   0.00006040   0.00110600   0.00004702   0.00069600   0.00003730   2.62356322   0.16523978   0.00252200   0.00007099  
   116.500   0.00189800   0.00006158   0.00114600   0.00004786   0.00061000   0.00003492   3.11147541   0.20475374   0.00250800   0.00007080  
   117.500   0.00179600   0.00006004   0.00104200   0.00004564   0.00061800   0.00003515   2.90614887   0.19173519   0.00241400   0.00006957  
   118.500   0.00168000   0.00005794   0.00114000   0.00004782   0.00069600   0.00003730   2.41379310   0.15384100   0.00237600   0.00006891  
   119.500   0.00184800   0.00006083   0.00104800   0.00004577   0.00062800   0.00003543   2.94267516   0.19222916   0.00247600   0.00007040  
   120.500   0.00172200   0.00005873   0.00102600   0.00004546   0.00059000   0.00003435   2.91864407   0.19691589   0.00231200   0.00006803  
   121.500   0.00163400   0.00005714   0.00100200   0.00004475   0.00055200   0.00003322   2.96014493   0.20604775   0.00218600   0.00006610  
   122.500   0.00154400   0.00005555   0.00102400   0.00004524   0.00058200   0.00003411   2.65292096   0.18245005   0.00212600   0.00006519  
   123.500   0.00141800   0.00005324   0.00093400   0.00004321   0.00058400   0.00003417   2.42808219   0.16880140   0.00200200   0.00006326  
   124.500   0.00154400   0.00005555   0.00089800   0.00004237   0.00052000   0.00003224   2.96923077   0.21286487   0.00206400   0.00006423  
   125.500   0.00155200   0.00005569   0.00089400   0.00004228   0.00055600   0.00003334   2.79136691   0.19507206   0.00210800   0.00006491  
   126.500   0.00141200   0.00005312   0.00090200   0.00004246   0.00060800   0.00003487   2.32236842   0.15927968   0.00202000   0.00006354  
   127.500   0.00135200   0.00005198   0.00089000   0.00004218   0.00052600   0.00003243   2.57034221   0.18676276   0.00187800   0.00006127  
   128.500   0.00135200   0.00005198   0.00085600   0.00004137   0.00054400   0.00003298   2.48529412   0.17841851   0.00189600   0.00006156  
   129.500   0.00136400   0.00005221   0.00082800   0.00004069   0.00050200   0.00003168   2.71713147   0.20055927   0.00186600   0.00006107  
   130.500   0.00133800   0.00005171   0.00082600   0.00004064   0.00051000   0.00003193   2.62352941   0.19304500   0.00184800   0.00006078  
   131.500   0.00122400   0.00004946   0.00081400   0.00004034   0.00049800   0.00003156   2.45783133   0.18471467   0.00172200   0.00005867  
   132.500   0.00119000   0.00004877   0.00078200   0.00003954   0.00052400   0.00003237   2.27099237   0.16835187   0.00171400   0.00005853  
   133.500   0.00124400   0.00004986   0.00083200   0.00004078   0.00050400   0.00003175   2.46825397   0.18427745   0.00174800   0.00005911  
   134.500   0.00112000   0.00004732   0.00079600   0.00003989   0.00050800   0.00003187   2.20472441   0.16675534   0.00162800   0.00005705  
   135.500   0.00114400   0.00004782   0.00077400   0.00003934   0.00053800   0.00003280   2.12639405   0.15717669   0.00168200   0.00005799  
   136.500   0.00110400   0.00004698   0.00074200   0.00003852   0.00050200   0.00003168   2.19920319   0.16739473   0.00160600   0.00005666  
   137.500   0.00109600   0.00004681   0.00077200   0.00003929   0.00045000   0.00003000   2.43555556   0.19281329   0.00154600   0.00005559  
   138.500   0.00108000   0.00004646   0.00071800   0.00003789   0.00043200   0.00002939   2.50000000   0.20123806   0.00151200   0.00005498  
   139.500   0.00103200   0.00004542   0.00075600   0.00003888   0.00048800   0.00003136   2.11475410   0.16473294   0.00152000   0.00005520  
   140.500   0.00101800   0.00004511   0.00067600   0.00003676   0.00041400   0.00002877   2.45893720   0.20267303   0.00143200   0.00005351  
   141.500   0.00096400   0.00004390   0.00065600   0.00003622   0.00043000   0.00002932   2.24186047   0.18383053   0.00139400   0.00005279  
   142.500   0.00100000   0.00004471   0.00069800   0.00003736   0.00044000   0.00002966   2.27272727   0.18384460   0.00144000   0.00005365  
   143.500   0.00093400   0.00004321   0.00060200   0.00003469   0.00041800   0.00002891   2.23444976   0.18593008   0.00135200   0.00005199  
   144.500   0.00093600   0.00004326   0.00057600   0.00003394   0.00039000   0.00002793   2.40000000   0.20453517   0.00132600   0.00005149  
   145.500   0.00097000   0.00004403   0.00057200   0.00003382   0.00036400   0.00002698   2.66483516   0.23161636   0.00133400   0.00005164  
   146.500   0.00089600   0.00004242   0.00058800   0.00003429   0.00031800   0.00002522   2.81761006   0.26021992   0.00121400   0.00004935  
   147.500   0.00090400   0.00004251   0.00065800   0.00003627   0.00040800   0.00002856   2.21568627   0.18685935   0.00131200   0.00005122  
   148.500   0.00078800   0.00003969   0.00057200   0.00003382   0.00032400   0.00002545   2.43209877   0.22696719   0.00111200   0.00004715  
   149.500   0.00087400   0.00004180   0.00054200   0.00003292   0.00036000   0.00002683   2.42777778   0.21499044   0.00123400   0.00004967  
   150.500   0.00076400   0.00003908   0.00053000   0.00003255   0.00041200   0.00002870   1.85436893   0.16027338   0.00117600   0.00004849  
   151.500   0.00075600   0.00003888   0.00050800   0.00003187   0.00037600   0.00002742   2.01063830   0.17941668   0.00113200   0.00004757  
   152.500   0.00080000   0.00003999   0.00054000   0.00003286   0.00035800   0.00002676   2.23463687   0.20092595   0.00115800   0.00004812  
   153.500   0.00072800   0.00003815   0.00051200   0.00003200   0.00030800   0.00002482   2.36363636   0.22718910   0.00103600   0.00004551  
   154.500   0.00070000   0.00003741   0.00041800   0.00002891   0.00029600   0.00002433   2.36486486   0.23185206   0.00099600   0.00004463  
   155.500   0.00071800   0.00003789   0.00053400   0.00003268   0.00032000   0.00002530   2.24375000   0.21325678   0.00103800   0.00004556  
   156.500   0.00070600   0.00003757   0.00046000   0.00003033   0.00033800   0.00002600   2.08875740   0.19536327   0.00104400   0.00004569  
   157.500   0.00069200   0.00003720   0.00048200   0.00003104   0.00034200   0.00002615   2.02339181   0.18912087   0.00103400   0.00004547  
   158.500   0.00064200   0.00003583   0.00041400   0.00002877   0.00032200   0.00002538   1.99378882   0.19252655   0.00096400   0.00004390  
   159.500   0.00062400   0.00003532   0.00042000   0.00002898   0.00029400   0.00002425   2.12244898   0.21230696   0.00091800   0.00004284  
   160.500   0.00058200   0.00003411   0.00046000   0.00003046   0.00025000   0.00002236   2.32800000   0.24893741   0.00083200   0.00004079  
   161.500   0.00058400   0.00003429   0.00041200   0.00002870   0.00029400   0.00002425   1.98639456   0.20109569   0.00087800   0.00004199  
   162.500   0.00054200   0.00003292   0.00041400   0.00002877   0.00027000   0.00002324   2.00740741   0.21145009   0.00081200   0.00004029  
   163.500   0.00057600   0.00003394   0.00038000   0.00002757   0.00022400   0.00002116   2.57142857   0.28632825   0.00080000   0.00004000  
   164.500   0.00049000   0.00003130   0.00037200   0.00002727   0.00030200   0.00002457   1.62251656   0.16785128   0.00079200   0.00003980  
   165.500   0.00064200   0.00003583   0.00041600   0.00002884   0.00026400   0.00002298   2.43181818   0.25142016   0.00090600   0.00004256  
   166.500   0.00051400   0.00003206   0.00042000   0.00002898   0.00024600   0.00002218   2.08943089   0.22906808   0.00076000   0.00003898  
   167.500   0.00050000   0.00003162   0.00032000   0.00002530   0.00025800   0.00002271   1.93798450   0.21007196   0.00075800   0.00003893  
   168.500   0.00050000   0.00003162   0.00034200   0.00002615   0.00025800   0.00002271   1.93798450   0.21007196   0.00075800   0.00003893  
   169.500   0.00049000   0.00003130   0.00039200   0.00002800   0.00023200   0.00002154   2.11206897   0.23802111   0.00072200   0.00003800  
   170.500   0.00048600   0.00003117   0.00035200   0.00002653   0.00023800   0.00002182   2.04201681   0.22845585   0.00072400   0.00003805  
   171.500   0.00045400   0.00003013   0.00034400   0.00002623   0.00025000   0.00002236   1.81600000   0.20224799   0.00070400   0.00003752  
   172.500   0.00048600   0.00003117   0.00034400   0.00002623   0.00023600   0.00002172   2.05932203   0.23104641   0.00072200   0.00003800  
   173.500   0.00041400   0.00002877   0.00033600   0.00002592   0.00023800   0.00002182   1.73949580   0.20009706   0.00065200   0.00003611  
   174.500   0.00044200   0.00002973   0.00030400   0.00002466   0.00023600   0.00002172   1.87288136   0.21352049   0.00067800   0.00003682  
   175.500   0.00042800   0.00002925   0.00035000   0.00002646   0.00019600   0.00001980   2.18367347   0.26632742   0.00062400   0.00003532  
   176.500   0.00037000   0.00002720   0.00033400   0.00002584   0.00018600   0.00001929   1.98924731   0.25284651   0.00055600   0.00003334  
   177.500   0.00035800   0.00002676   0.00031400   0.00002506   0.00019400   0.00001970   1.84536082   0.23264629   0.00055200   0.00003322  
   178.500   0.00039000   0.00002793   0.00028000   0.00002366   0.00020400   0.00002020   1.91176471   0.23359643   0.00059400   0.00003446  
   179.500   0.00036800   0.00002713   0.00033800   0.00002600   0.00020400   0.00002020   1.80392157   0.22267076   0.00057200   0.00003382  
   180.500   0.00038200   0.00002764   0.00031600   0.00002514   0.00017800   0.00001887   2.14606742   0.27541292   0.00056000   0.00003346  
   181.500   0.00036000   0.00002683   0.00028400   0.00002383   0.00017000   0.00001844   2.11764706   0.27867994   0.00053000   0.00003256  
   182.500   0.00035400   0.00002661   0.00030400   0.00002466   0.00017400   0.00001865   2.03448276   0.26636943   0.00052800   0.00003249  
   183.500   0.00034000   0.00002607   0.00027800   0.00002358   0.00020000   0.00002000   1.70000000   0.21422937   0.00054000   0.00003286  
   184.500   0.00033400   0.00002584   0.00028600   0.00002391   0.00018400   0.00001918   1.81521739   0.23566799   0.00051800   0.00003218  
   185.500   0.00034200   0.00002615   0.00022600   0.00002126   0.00015200   0.00001743   2.25000000   0.31017250   0.00049400   0.00003143  
   186.500   0.00029400   0.00002425   0.00025000   0.00002236   0.00018600   0.00001929   1.58064516   0.20941854   0.00048000   0.00003098  
   187.500   0.00031000   0.00002490   0.00023800   0.00002182   0.00014000   0.00001673   2.21428571   0.31885197   0.00045000   0.00003000  
   188.500   0.00034600   0.00002630   0.00022400   0.00002116   0.00020800   0.00002040   1.66346154   0.20638813   0.00055400   0.00003328  
   189.500   0.00029200   0.00002416   0.00022200   0.00002107   0.00015600   0.00001766   1.87179487   0.26250431   0.00044800   0.00002993  
   190.500   0.00031600   0.00002514   0.00020000   0.00002000   0.00015800   0.00001778   2.00000000   0.27557462   0.00047400   0.00003079  
   191.500   0.00023200   0.00002154   0.00022400   0.00002116   0.00016800   0.00001833   1.38095238   0.19783535   0.00040000   0.00002828  
   192.500   0.00026800   0.00002315   0.00023400   0.00002163   0.00014600   0.00001709   1.83561644   0.26701321   0.00041400   0.00002877  
   193.500   0.00022600   0.00002126   0.00026800   0.00002315   0.00016000   0.00001789   1.41250000   0.20637759   0.00038600   0.00002778  
   194.500   0.00027000   0.00002324   0.00017600   0.00001876   0.00013200   0.00001625   2.04545455   0.30720605   0.00040200   0.00002835  
   195.500   0.00024400   0.00002209   0.00016600   0.00001822   0.00013400   0.00001637   1.82089552   0.27687250   0.00037800   0.00002749  
   196.500   0.00026200   0.00002289   0.00021000   0.00002049   0.00009800   0.00001400   2.67346939   0.44767444   0.00036000   0.00002683  
   197.500   0.00026200   0.00002289   0.00015600   0.00001766   0.00016200   0.00001800   1.61728395   0.22858846   0.00042400   0.00002912  
   198.500   0.00019200   0.00001959   0.00016000   0.00001789   0.00012200   0.00001562   1.57377049   0.25767631   0.00031400   0.00002506  
   199.500   0.00023200   0.00002154   0.00018000   0.00001897   0.00012600   0.00001587   1.84126984   0.28815552   0.00035800   0.00002676  
   200.500   0.00021200   0.00002059   0.00017000   0.00001844   0.00010600   0.00001456   2.00000000   0.33645140   0.00031800   0.00002522  
   201.500   0.00023600   0.00002172   0.00014000   0.00001673   0.00015000   0.00001732   1.57333333   0.23233136   0.00038600   0.00002778  
   202.500   0.00020200   0.00002010   0.00015200   0.00001743   0.00011600   0.00001523   1.74137931   0.28688065   0.00031800   0.00002522  
   203.500   0.00016800   0.00001833   0.00022400   0.00002116   0.00012000   0.00001549   1.40000000   0.23663491   0.00028800   0.00002400  
   204.500   0.00018200   0.00001908   0.00017600   0.00001876   0.00011200   0.00001497   1.62500000   0.27598297   0.00029400   0.00002425  
   205.500   0.00019800   0.00001990   0.00016200   0.00001800   0.00010000   0.00001414   1.98000000   0.34351150   0.00029800   0.00002441  
   206.500   0.00020200   0.00002010   0.00015400   0.00001755   0.00010600   0.00001456   1.90566038   0.32321548   0.00030800   0.00002482  
   207.500   0.00015000   0.00001732   0.00015400   0.00001755   0.00012600   0.00001587   1.19047619   0.20344381   0.00027600   0.00002349  
   208.500   0.00017400   0.00001865   0.00014600   0.00001709   0.00007600   0.00001233   2.28947368   0.44517188   0.00025000   0.00002236  
   209.500   0.00014600   0.00001709   0.00016400   0.00001811   0.00008000   0.00001265   1.82500000   0.35900412   0.00022600   0.00002126  
   210.500   0.00018000   0.00001897   0.00014200   0.00001685   0.00012200   0.00001562   1.47540984   0.24468039   0.00030200   0.00002458  
   211.500   0.00015800   0.00001778   0.00015400   0.00001755   0.00009600   0.00001386   1.64583333   0.30119003   0.00025400   0.00002254  
   212.500   0.00018000   0.00001897   0.00014200   0.00001685   0.00010800   0.00001470   1.66666667   0.28687797   0.00028800   0.00002400  
   213.500   0.00016600   0.00001822   0.00010000   0.00001414   0.00010800   0.00001470   1.53703704   0.26871659   0.00027400   0.00002341  
   214.500   0.00015200   0.00001743   0.00012800   0.00001600   0.00010800   0.00001470   1.40740741   0.25048062   0.00026000   0.00002280  
   215.500   0.00013200   0.00001625   0.00013800   0.00001661   0.00009400   0.00001371   1.40425532   0.26801092   0.00022600   0.00002126  
   216.500   0.00013600   0.00001649   0.00012000   0.00001549   0.00007400   0.00001217   1.83783784   0.37543616   0.00021000   0.00002049  
   217.500   0.00014000   0.00001673   0.00011200   0.00001497   0.00011000   0.00001483   1.27272727   0.22932247   0.00025000   0.00002236  
   218.500   0.00013800   0.00001661   0.00010400   0.00001442   0.00008000   0.00001265   1.72500000   0.34279683   0.00021800   0.00002088  
   219.500   0.00012400   0.00001575   0.00013800   0.00001661   0.00007400   0.00001217   1.67567568   0.34809740   0.00019800   0.00001990  
   220.500   0.00011200   0.00001497   0.00010600   0.00001456   0.00009800   0.00001400   1.14285714   0.22355438   0.00021000   0.00002049  
   221.500   0.00013000   0.00001612   0.00009800   0.00001400   0.00009800   0.00001400   1.32653061   0.25095904   0.00022800   0.00002135  
   222.500   0.00013600   0.00001649   0.00010200   0.00001428   0.00007000   0.00001183   1.94285714   0.40416711   0.00020600   0.00002030  
   223.500   0.00011400   0.00001510   0.00011800   0.00001536   0.00006400   0.00001131   1.78125000   0.39345815   0.00017800   0.00001887  
   224.500   0.00010800   0.00001470   0.00009200   0.00001356   0.00007600   0.00001233   1.42105263   0.30088857   0.00018400   0.00001918  
   225.500   0.00011400   0.00001510   0.00008800   0.00001327   0.00006000   0.00001095   1.90000000   0.42855504   0.00017400   0.00001865  
   226.500   0.00007600   0.00001233   0.00010800   0.00001470   0.00005400   0.00001039   1.40740741   0.35423868   0.00013000   0.00001612  
   227.500   0.00008200   0.00001281   0.00007400   0.00001217   0.00005200   0.00001020   1.57692308   0.39533239   0.00013400   0.00001637  
   228.500   0.00011000   0.00001483   0.00008400   0.00001296   0.00007000   0.00001183   1.57142857   0.33977486   0.00018000   0.00001897  
   229.500   0.00008800   0.00001327   0.00008200   0.00001281   0.00005600   0.00001058   1.57142857   0.37988147   0.00014400   0.00001697  
   230.500   0.00008600   0.00001311   0.00008400   0.00001296   0.00005200   0.00001020   1.65384615   0.41085797   0.00013800   0.00001661  
   231.500   0.00009800   0.00001400   0.00007200   0.00001200   0.00005600   0.00001058   1.75000000   0.41457073   0.00015400   0.00001755  
   232.500   0.00010200   0.00001428   0.00010400   0.00001442   0.00005200   0.00001020   1.96153846   0.47267534   0.00015400   0.00001755  
   233.500   0.00009600   0.00001386   0.00009800   0.00001400   0.00006200   0.00001114   1.54838710   0.35676599   0.00015800   0.00001778  
   234.500   0.00008200   0.00001281   0.00008600   0.00001311   0.00005800   0.00001077   1.41379310   0.34303353   0.00014000   0.00001673  
   235.500   0.00007400   0.00001217   0.00006600   0.00001149   0.00005800   0.00001077   1.27586207   0.31642353   0.00013200   0.00001625  
   236.500   0.00006800   0.00001166   0.00008000   0.00001265   0.00006000   0.00001095   1.13333333   0.28388382   0.00012800   0.00001600  
   237.500   0.00009000   0.00001342   0.00008000   0.00001265   0.00003600   0.00000849   2.50000000   0.69720775   0.00012600   0.00001587  
   238.500   0.00006000   0.00001095   0.00005600   0.00001058   0.00004600   0.00000959   1.30434783   0.36149405   0.00010600   0.00001456  
   239.500   0.00009000   0.00001342   0.00005200   0.00001020   0.00005800   0.00001077   1.55172414   0.36950256   0.00014800   0.00001720  
   240.500   0.00008000   0.00001265   0.00006000   0.00001095   0.00005000   0.00001000   1.60000000   0.40791529   0.00013000   0.00001612  
   241.500   0.00007400   0.00001217   0.00006200   0.00001114   0.00004600   0.00000959   1.60869565   0.42714819   0.00012000   0.00001549  
   242.500   0.00004800   0.00000980   0.00006000   0.00001095   0.00004000   0.00000894   1.20000000   0.36331407   0.00008800   0.00001327  
   243.500   0.00006200   0.00001114   0.00006400   0.00001131   0.00005200   0.00001020   1.19230769   0.31706778   0.00011400   0.00001510  
   244.500   0.00006400   0.00001131   0.00006600   0.00001149   0.00005000   0.00001000   1.28000000   0.34166170   0.00011400   0.00001510  
   245.500   0.00006200   0.00001114   0.00004200   0.00000917   0.00003600   0.00000849   1.72222222   0.51034655   0.00009800   0.00001400  
   246.500   0.00005800   0.00001077   0.00004200   0.00000917   0.00004800   0.00000980   1.20833333   0.33343744   0.00010600   0.00001456  
   247.500   0.00010000   0.00001414   0.00004800   0.00000980   0.00002800   0.00000748   3.57142857   1.07988665   0.00012800   0.00001600  
   248.500   0.00007200   0.00001200   0.00006200   0.00001114   0.00004400   0.00000938   1.63636364   0.44281802   0.00011600   0.00001523  
   249.500   0.00006600   0.00001149   0.00005400   0.00001039   0.00002800   0.00000748   2.35714286   0.75181256   0.00009400   0.00001371  
   250.500   0.00006200   0.00001114   0.00003400   0.00000825   0.00002600   0.00000721   2.38461538   0.78793100   0.00008800   0.00001327  
   251.500   0.00005800   0.00001077   0.00006200   0.00001114   0.00003000   0.00000775   1.93333333   0.61487119   0.00008800   0.00001327  
   252.500   0.00006400   0.00001131   0.00004600   0.00000959   0.00003000   0.00000775   2.13333333   0.66754814   0.00009400   0.00001371  
   253.500   0.00005800   0.00001077   0.00004200   0.00000917   0.00002800   0.00000748   2.07142857   0.67411977   0.00008600   0.00001311  
   254.500   0.00004200   0.00000917   0.00004200   0.00000917   0.00002400   0.00000693   1.75000000   0.63327366   0.00006600   0.00001149  
   255.500   0.00005600   0.00001058   0.00004200   0.00000917   0.00003200   0.00000800   1.75000000   0.54842969   0.00008800   0.00001327  
   256.500   0.00004200   0.00000917   0.00005000   0.00001000   0.00003200   0.00000800   1.31250000   0.43553854   0.00007400   0.00001217  
   257.500   0.00004400   0.00000938   0.00003400   0.00000825   0.00004800   0.00000980   0.91666667   0.27056299   0.00009200   0.00001356  
   258.500   0.00005200   0.00001020   0.00006400   0.00001131   0.00004600   0.00000959   1.13043478   0.32358447   0.00009800   0.00001400  
   259.500   0.00004400   0.00000938   0.00003600   0.00000849   0.00003000   0.00000775   1.46666667   0.49110169   0.00007400   0.00001217  
   260.500   0.00005200   0.00001020   0.00003200   0.00000800   0.00003000   0.00000775   1.73333333   0.56200163   0.00008200   0.00001281  
   261.500   0.00004200   0.00000917   0.00003600   0.00000849   0.00003000   0.00000775   1.40000000   0.47328223   0.00007200   0.00001200  
   262.500   0.00004600   0.00000959   0.00004800   0.00000980   0.00000800   0.00000400   5.75000000   3.11497330   0.00005400   0.00001039  
   263.500   0.00005200   0.00001020   0.00003600   0.00000849   0.00003400   0.00000825   1.52941176   0.47702710   0.00008600   0.00001311  
   264.500   0.00005000   0.00001000   0.00003200   0.00000800   0.00002800   0.00000748   1.78571429   0.59608247   0.00007800   0.00001249  
   265.500   0.00003600   0.00000849   0.00003600   0.00000849   0.00003000   0.00000775   1.20000000   0.41952010   0.00006600   0.00001149  
   266.500   0.00003400   0.00000825   0.00004200   0.00000917   0.00002800   0.00000748   1.21428571   0.43823788   0.00006200   0.00001114  
   267.500   0.00006400   0.00001131   0.00003200   0.00000800   0.00002800   0.00000748   2.28571429   0.73241566   0.00009200   0.00001356  
   268.500   0.00002800   0.00000748   0.00002800   0.00000748   0.00001800   0.00000600   1.55555556   0.66460221   0.00004600   0.00000959  
   269.500   0.00005200   0.00001020   0.00002800   0.00000748   0.00002600   0.00000721   2.00000000   0.67936034   0.00007800   0.00001249  
   270.500   0.00004800   0.00000980   0.00003400   0.00000825   0.00002200   0.00000663   2.18181818   0.79441481   0.00007000   0.00001183  
   271.500   0.00002600   0.00000721   0.00001600   0.00000566   0.00001200   0.00000490   2.16666667   1.06934984   0.00003800   0.00000872  
   272.500   0.00004600   0.00000959   0.00002600   0.00000721   0.00001600   0.00000566   2.87500000   1.18006850   0.00006200   0.00001114  
   273.500   0.00002600   0.00000721   0.00002000   0.00000632   0.00001200   0.00000490   2.16666667   1.06934984   0.00003800   0.00000872  
   274.500   0.00003800   0.00000872   0.00002000   0.00000632   0.00003600   0.00000849   1.05555556   0.34718815   0.00007400   0.00001217  
   275.500   0.00003000   0.00000775   0.00001800   0.00000600   0.00003200   0.00000800   0.93750000   0.33693268   0.00006200   0.00001114  
   276.500   0.00002000   0.00000632   0.00001800   0.00000600   0.00001600   0.00000566   1.25000000   0.59292442   0.00003600   0.00000849  
   277.500   0.00003800   0.00000872   0.00001800   0.00000600   0.00002200   0.00000663   1.72727273   0.65440314   0.00006000   0.00001095  
   278.500   0.00001600   0.00000566   0.00002600   0.00000721   0.00002400   0.00000693   0.66666667   0.30428885   0.00004000   0.00000894  
   279.500   0.00003800   0.00000872   0.00002600   0.00000721   0.00002200   0.00000663   1.72727273   0.65440314   0.00006000   0.00001095  
   280.500   0.00002200   0.00000663   0.00002800   0.00000748   0.00002400   0.00000693   0.91666667   0.38263605   0.00004600   0.00000959  
   281.500   0.00002400   0.00000693   0.00003000   0.00000775   0.00001800   0.00000600   1.33333333   0.58794170   0.00004200   0.00000917  
   282.500   0.00004600   0.00000959   0.00002000   0.00000632   0.00001400   0.00000529   3.28571429   1.41832308   0.00006000   0.00001095  
   283.500   0.00002400   0.00000693   0.00002800   0.00000748   0.00001800   0.00000600   1.33333333   0.58794170   0.00004200   0.00000917  
   284.500   0.00002400   0.00000693   0.00001800   0.00000600   0.00001800   0.00000600   1.33333333   0.58794170   0.00004200   0.00000917  
   285.500   0.00002600   0.00000721   0.00001600   0.00000566   0.00002000   0.00000632   1.30000000   0.54680585   0.00004600   0.00000959  
   286.500   0.00003000   0.00000775   0.00002400   0.00000693   0.00001600   0.00000566   1.87500000   0.82086606   0.00004600   0.00000959  
   287.500   0.00002200   0.00000663   0.00002400   0.00000693   0.00001600   0.00000566   1.37500000   0.63890481   0.00003800   0.00000872  
   288.500   0.00001600   0.00000566   0.00002600   0.00000721   0.00001600   0.00000566   1.00000000   0.49999800   0.00003200   0.00000800  
   289.500   0.00001400   0.00000529   0.00000800   0.00000400   0.00001000   0.00000447   1.40000000   0.81975369   0.00002400   0.00000693  
   290.500   0.00001400   0.00000529   0.00001600   0.00000566   0.00001800   0.00000600   0.77777778   0.39196163   0.00003200   0.00000800  
   291.500   0.00003000   0.00000775   0.00000600   0.00000346   0.00001600   0.00000566   1.87500000   0.82086606   0.00004600   0.00000959  
   292.500   0.00001600   0.00000566   0.00001200   0.00000490   0.00001600   0.00000566   1.00000000   0.49999800   0.00003200   0.00000800  
   293.500   0.00001400   0.00000529   0.00001400   0.00000529   0.00001000   0.00000447   1.40000000   0.81975369   0.00002400   0.00000693  
   294.500   0.00001200   0.00000490   0.00000800   0.00000400   0.00001800   0.00000600   0.66666667   0.35136291   0.00003000   0.00000775  
   295.500   0.00001200   0.00000490   0.00002000   0.00000632   0.00001200   0.00000490   1.00000000   0.57734852   0.00002400   0.00000693  
   296.500   0.00001000   0.00000447   0.00002000   0.00000632   0.00001200   0.00000490   0.83333333   0.50460700   0.00002200   0.00000663  
   297.500   0.00001800   0.00000600   0.00001400   0.00000529   0.00000600   0.00000346   3.00000000   1.99999551   0.00002400   0.00000693  
   298.500   0.00001600   0.00000566   0.00001600   0.00000566   0.00001400   0.00000529   1.14285714   0.59148258   0.00003000   0.00000775  
   299.500   0.00001200   0.00000490   0.00002000   0.00000632   0.00001200   0.00000490   1.00000000   0.57734852   0.00002400   0.00000693  
