 0.500   0.00192220   0.00006198   0.00015202   0.00001744   0.00014602   0.00001709  13.16438356   1.59811556   0.00206821   0.00006429  
     1.500   0.00316833   0.00007959   0.00038804   0.00002786   0.00033803   0.00002600   9.37278107   0.75840047   0.00350636   0.00008373  
     2.500   0.00401841   0.00008965   0.00054606   0.00003304   0.00041204   0.00002871   9.75242718   0.71340319   0.00443046   0.00009414  
     3.500   0.00462848   0.00009615   0.00060206   0.00003470   0.00038604   0.00002779  11.98963731   0.89817291   0.00501452   0.00010008  
     4.500   0.00497451   0.00009987   0.00066407   0.00003644   0.00046005   0.00003033  10.81304348   0.74522637   0.00543456   0.00010437  
     5.500   0.00548857   0.00010479   0.00076808   0.00003939   0.00059606   0.00003452   9.20805369   0.56155527   0.00608463   0.00011033  
     6.500   0.00558658   0.00010579   0.00097410   0.00004413   0.00054606   0.00003304  10.23076923   0.64871303   0.00613263   0.00011083  
     7.500   0.00574659   0.00010728   0.00107611   0.00004638   0.00059206   0.00003441   9.70608108   0.59246066   0.00633865   0.00011266  
     8.500   0.00603262   0.00010994   0.00110211   0.00004694   0.00065807   0.00003627   9.16717325   0.53221877   0.00669069   0.00011577  
     9.500   0.00614863   0.00011094   0.00136614   0.00005226   0.00059006   0.00003435  10.42033898   0.63507749   0.00673869   0.00011614  
    10.500   0.00631265   0.00011233   0.00131614   0.00005129   0.00066207   0.00003638   9.53474320   0.55077549   0.00697472   0.00011808  
    11.500   0.00641066   0.00011327   0.00150816   0.00005490   0.00070607   0.00003757   9.07932011   0.50909339   0.00711673   0.00011934  
    12.500   0.00622664   0.00011150   0.00154416   0.00005563   0.00070807   0.00003763   8.79378531   0.49311930   0.00693471   0.00011768  
    13.500   0.00653067   0.00011435   0.00169817   0.00005833   0.00081208   0.00004029   8.04187192   0.42314661   0.00734276   0.00012124  
    14.500   0.00649267   0.00011395   0.00190620   0.00006172   0.00079608   0.00003990   8.15577889   0.43306979   0.00728875   0.00012073  
    15.500   0.00676870   0.00011630   0.00206021   0.00006429   0.00089609   0.00004233   7.55357143   0.37966371   0.00766479   0.00012376  
    16.500   0.00686271   0.00011710   0.00205421   0.00006407   0.00077608   0.00003939   8.84278351   0.47351923   0.00763879   0.00012355  
    17.500   0.00676270   0.00011621   0.00219423   0.00006627   0.00075408   0.00003883   8.96816976   0.48683328   0.00751677   0.00012253  
    18.500   0.00674469   0.00011613   0.00233224   0.00006838   0.00086009   0.00004156   7.84186047   0.40229870   0.00760478   0.00012334  
    19.500   0.00699672   0.00011809   0.00241025   0.00006951   0.00089209   0.00004223   7.84304933   0.39418872   0.00788881   0.00012542  
    20.500   0.00712873   0.00011933   0.00252026   0.00007096   0.00094810   0.00004354   7.51898734   0.36750221   0.00807683   0.00012703  
    21.500   0.00731475   0.00012094   0.00272628   0.00007379   0.00086809   0.00004185   8.42626728   0.42946931   0.00818284   0.00012797  
    22.500   0.00721674   0.00012023   0.00271428   0.00007363   0.00093810   0.00004331   7.69296375   0.37756235   0.00815484   0.00012779  
    23.500   0.00736476   0.00012128   0.00272028   0.00007377   0.00091209   0.00004270   8.07456140   0.40074267   0.00827685   0.00012858  
    24.500   0.00760678   0.00012328   0.00286029   0.00007569   0.00097010   0.00004404   7.84123711   0.37796856   0.00857688   0.00013091  
    25.500   0.00762078   0.00012345   0.00284029   0.00007532   0.00098410   0.00004436   7.74390244   0.37089589   0.00860489   0.00013118  
    26.500   0.00771679   0.00012419   0.00311032   0.00007881   0.00095810   0.00004377   8.05427975   0.39008753   0.00867489   0.00013168  
    27.500   0.00756278   0.00012312   0.00319833   0.00007992   0.00101410   0.00004503   7.45759369   0.35267444   0.00857688   0.00013109  
    28.500   0.00781080   0.00012481   0.00297231   0.00007715   0.00099010   0.00004449   7.88888889   0.37623850   0.00880091   0.00013251  
    29.500   0.00812084   0.00012741   0.00314832   0.00007934   0.00107011   0.00004625   7.58878505   0.34894498   0.00919095   0.00013555  
    30.500   0.00811884   0.00012749   0.00303031   0.00007790   0.00112012   0.00004732   7.24821429   0.32667614   0.00923895   0.00013599  
    31.500   0.00794882   0.00012603   0.00331834   0.00008140   0.00107611   0.00004638   7.38661710   0.33923244   0.00902493   0.00013430  
    32.500   0.00817084   0.00012783   0.00329834   0.00008116   0.00102011   0.00004525   8.00980392   0.37673594   0.00919095   0.00013560  
    33.500   0.00832686   0.00012904   0.00315432   0.00007947   0.00113012   0.00004753   7.36814159   0.33025765   0.00945697   0.00013751  
    34.500   0.00856488   0.00013073   0.00324833   0.00008064   0.00113612   0.00004766   7.53873239   0.33651261   0.00970100   0.00013915  
    35.500   0.00822085   0.00012812   0.00339235   0.00008235   0.00110811   0.00004707   7.41877256   0.33564966   0.00932896   0.00013650  
    36.500   0.00846087   0.00013015   0.00320433   0.00008009   0.00110211   0.00004694   7.67695100   0.34763266   0.00956298   0.00013836  
    37.500   0.00860489   0.00013112   0.00321633   0.00008014   0.00110611   0.00004702   7.77938517   0.35132557   0.00971100   0.00013930  
    38.500   0.00842087   0.00012976   0.00326034   0.00008079   0.00109411   0.00004677   7.69652651   0.34971256   0.00951498   0.00013793  
    39.500   0.00836086   0.00012957   0.00335835   0.00008189   0.00122613   0.00004951   6.81892333   0.29491363   0.00958699   0.00013871  
    40.500   0.00824285   0.00012842   0.00328034   0.00008094   0.00118012   0.00004857   6.98474576   0.30737917   0.00942297   0.00013730  
    41.500   0.00780880   0.00012499   0.00330034   0.00008118   0.00120612   0.00004910   6.47429519   0.28321412   0.00901493   0.00013429  
    42.500   0.00846287   0.00013001   0.00323433   0.00008037   0.00119212   0.00004882   7.09899329   0.31048445   0.00965499   0.00013888  
    43.500   0.00812684   0.00012755   0.00329234   0.00008118   0.00122413   0.00004955   6.63888889   0.28821203   0.00935096   0.00013684  
    44.500   0.00800482   0.00012641   0.00330434   0.00008138   0.00117412   0.00004845   6.81771721   0.30121287   0.00917895   0.00013537  
    45.500   0.00766479   0.00012387   0.00309832   0.00007871   0.00129213   0.00005082   5.93188854   0.25223948   0.00895692   0.00013389  
    46.500   0.00754078   0.00012274   0.00326434   0.00008079   0.00129013   0.00005078   5.84496124   0.24896673   0.00883091   0.00013283  
    47.500   0.00786281   0.00012542   0.00335835   0.00008189   0.00129413   0.00005086   6.07573416   0.25770129   0.00915694   0.00013534  
    48.500   0.00753078   0.00012270   0.00328634   0.00008101   0.00132014   0.00005137   5.70454545   0.24064814   0.00885091   0.00013302  
    49.500   0.00761678   0.00012349   0.00298831   0.00007731   0.00119812   0.00004894   6.35726210   0.27937946   0.00881491   0.00013283  
    50.500   0.00741676   0.00012177   0.00321833   0.00008022   0.00131614   0.00005129   5.63525836   0.23830659   0.00873290   0.00013213  
    51.500   0.00719474   0.00012001   0.00303231   0.00007787   0.00126413   0.00005027   5.69145570   0.24542810   0.00845887   0.00013012  
    52.500   0.00707073   0.00011898   0.00313232   0.00007914   0.00122813   0.00004955   5.75732899   0.25167037   0.00829885   0.00012889  
    53.500   0.00684471   0.00011698   0.00304631   0.00007815   0.00136214   0.00005218   5.02496329   0.21077966   0.00820685   0.00012809  
    54.500   0.00661668   0.00011499   0.00287430   0.00007577   0.00134214   0.00005187   4.92995529   0.20891516   0.00795882   0.00012615  
    55.500   0.00685871   0.00011710   0.00289430   0.00007624   0.00132814   0.00005152   5.16415663   0.21888378   0.00818684   0.00012793  
    56.500   0.00647667   0.00011381   0.00302831   0.00007782   0.00123213   0.00004963   5.25649351   0.23099660   0.00770879   0.00012416  
    57.500   0.00645266   0.00011357   0.00293230   0.00007653   0.00127013   0.00005039   5.08031496   0.22048527   0.00772280   0.00012424  
    58.500   0.00658468   0.00011478   0.00290830   0.00007632   0.00129813   0.00005094   5.07241911   0.21780154   0.00788281   0.00012558  
    59.500   0.00631265   0.00011223   0.00291630   0.00007632   0.00125013   0.00004999   5.04960000   0.22097741   0.00756278   0.00012286  
    60.500   0.00621864   0.00011150   0.00307232   0.00007838   0.00126813   0.00005035   4.90378549   0.21362509   0.00748677   0.00012234  
    61.500   0.00618864   0.00011123   0.00265427   0.00007282   0.00125013   0.00004999   4.95040000   0.21703097   0.00743877   0.00012195  
    62.500   0.00606863   0.00011015   0.00281229   0.00007500   0.00129413   0.00005086   4.68933539   0.20300338   0.00736276   0.00012133  
    63.500   0.00585060   0.00010809   0.00277229   0.00007447   0.00126613   0.00005031   4.62085308   0.20248231   0.00711673   0.00011923  
    64.500   0.00577059   0.00010728   0.00270828   0.00007355   0.00125213   0.00005003   4.60862620   0.20309690   0.00702272   0.00011837  
    65.500   0.00590061   0.00010874   0.00271428   0.00007363   0.00134414   0.00005183   4.38988095   0.18762244   0.00724475   0.00012046  
    66.500   0.00562058   0.00010603   0.00270428   0.00007355   0.00117412   0.00004845   4.78705281   0.21718992   0.00679470   0.00011658  
    67.500   0.00559058   0.00010571   0.00258227   0.00007182   0.00115412   0.00004803   4.84402080   0.22143331   0.00674469   0.00011611  
    68.500   0.00538255   0.00010374   0.00259627   0.00007207   0.00128613   0.00005070   4.18506998   0.18365008   0.00666869   0.00011546  
    69.500   0.00539656   0.00010391   0.00258427   0.00007196   0.00114212   0.00004778   4.72504378   0.21761159   0.00653867   0.00011437  
    70.500   0.00519454   0.00010188   0.00247626   0.00007033   0.00122813   0.00004955   4.22964169   0.18973689   0.00642266   0.00011329  
    71.500   0.00514653   0.00010145   0.00246625   0.00007025   0.00115812   0.00004812   4.44386874   0.20435386   0.00630465   0.00011228  
    72.500   0.00487850   0.00009891   0.00250826   0.00007079   0.00120212   0.00004902   4.05823627   0.18481310   0.00608063   0.00011039  
    73.500   0.00493051   0.00009923   0.00246625   0.00007025   0.00120612   0.00004910   4.08789386   0.18564544   0.00613663   0.00011071  
    74.500   0.00485050   0.00009858   0.00232824   0.00006820   0.00109611   0.00004681   4.42518248   0.20929237   0.00594661   0.00010913  
    75.500   0.00476849   0.00009763   0.00224423   0.00006696   0.00107011   0.00004625   4.45607477   0.21311620   0.00583860   0.00010803  
    76.500   0.00476849   0.00009763   0.00237624   0.00006890   0.00114812   0.00004791   4.15331010   0.19304302   0.00591661   0.00010875  
    77.500   0.00451446   0.00009513   0.00225223   0.00006708   0.00104411   0.00004569   4.32375479   0.20999108   0.00555857   0.00010553  
    78.500   0.00442046   0.00009401   0.00220223   0.00006633   0.00115412   0.00004812   3.83015598   0.17925855   0.00557457   0.00010561  
    79.500   0.00432245   0.00009293   0.00216422   0.00006576   0.00107611   0.00004638   4.01672862   0.19346763   0.00539856   0.00010386  
    80.500   0.00444646   0.00009429   0.00222223   0.00006663   0.00114812   0.00004791   3.87282230   0.18127175   0.00559458   0.00010576  
    81.500   0.00426644   0.00009228   0.00219823   0.00006627   0.00104411   0.00004569   4.08620690   0.19945260   0.00531055   0.00010297  
    82.500   0.00420643   0.00009180   0.00213622   0.00006545   0.00109811   0.00004685   3.83060109   0.18358188   0.00530455   0.00010307  
    83.500   0.00404242   0.00008992   0.00212022   0.00006509   0.00107211   0.00004630   3.77052239   0.18315021   0.00511453   0.00010114  
    84.500   0.00407442   0.00009032   0.00210022   0.00006478   0.00107011   0.00004625   3.80747664   0.18494788   0.00514453   0.00010147  
    85.500   0.00399441   0.00008943   0.00190220   0.00006165   0.00090409   0.00004261   4.41814159   0.23052515   0.00489850   0.00009906  
    86.500   0.00382039   0.00008738   0.00201021   0.00006338   0.00099210   0.00004454   3.85080645   0.19400718   0.00481250   0.00009807  
    87.500   0.00383640   0.00008751   0.00199421   0.00006313   0.00096610   0.00004395   3.97101449   0.20208405   0.00480249   0.00009793  
    88.500   0.00358037   0.00008460   0.00198220   0.00006306   0.00100810   0.00004489   3.55158730   0.17904405   0.00458847   0.00009577  
    89.500   0.00363837   0.00008542   0.00185619   0.00006090   0.00096010   0.00004381   3.78958333   0.19447260   0.00459847   0.00009600  
    90.500   0.00356237   0.00008448   0.00185219   0.00006084   0.00087209   0.00004185   4.08486239   0.21866313   0.00443446   0.00009428  
    91.500   0.00354637   0.00008420   0.00178218   0.00005968   0.00095210   0.00004363   3.72478992   0.19223280   0.00449846   0.00009483  
    92.500   0.00332034   0.00008148   0.00173418   0.00005901   0.00094410   0.00004345   3.51694915   0.18341419   0.00426444   0.00009234  
    93.500   0.00319033   0.00007987   0.00180419   0.00006005   0.00087009   0.00004171   3.66666667   0.19829162   0.00406042   0.00009010  
    94.500   0.00321033   0.00008017   0.00172218   0.00005867   0.00090409   0.00004252   3.55088496   0.18906570   0.00411442   0.00009074  
    95.500   0.00325033   0.00008061   0.00169417   0.00005819   0.00089809   0.00004237   3.61915367   0.19291526   0.00414843   0.00009107  
    96.500   0.00300831   0.00007751   0.00168417   0.00005802   0.00089009   0.00004219   3.37977528   0.18232264   0.00389840   0.00008825  
    97.500   0.00294630   0.00007676   0.00166017   0.00005760   0.00086009   0.00004147   3.42558140   0.18773279   0.00380639   0.00008725  
    98.500   0.00297031   0.00007713   0.00162417   0.00005697   0.00087409   0.00004180   3.39816934   0.18492861   0.00384440   0.00008773  
    99.500   0.00291230   0.00007632   0.00159616   0.00005655   0.00081208   0.00004029   3.58620690   0.20123736   0.00372438   0.00008630  
   100.500   0.00282829   0.00007521   0.00164817   0.00005753   0.00093210   0.00004317   3.03433476   0.16204985   0.00376039   0.00008672  
   101.500   0.00270628   0.00007352   0.00156216   0.00005595   0.00082408   0.00004059   3.28398058   0.18473034   0.00353036   0.00008398  
   102.500   0.00273828   0.00007407   0.00150015   0.00005476   0.00076808   0.00003919   3.56510417   0.20587546   0.00350636   0.00008379  
   103.500   0.00273828   0.00007401   0.00144015   0.00005365   0.00078208   0.00003954   3.50127877   0.20073878   0.00352036   0.00008391  
   104.500   0.00267628   0.00007317   0.00145015   0.00005384   0.00074208   0.00003852   3.60646900   0.21158385   0.00341835   0.00008269  
   105.500   0.00262027   0.00007240   0.00143015   0.00005347   0.00078208   0.00003964   3.35038363   0.19342920   0.00340235   0.00008255  
   106.500   0.00245225   0.00006999   0.00148015   0.00005439   0.00071807   0.00003789   3.41504178   0.20487905   0.00317033   0.00007959  
   107.500   0.00249426   0.00007065   0.00132414   0.00005145   0.00076808   0.00003919   3.24739583   0.18950377   0.00326234   0.00008079  
   108.500   0.00233824   0.00006841   0.00126013   0.00005019   0.00083209   0.00004089   2.81009615   0.16069963   0.00317033   0.00007969  
   109.500   0.00238825   0.00006907   0.00127413   0.00005047   0.00075008   0.00003873   3.18400000   0.18842683   0.00313832   0.00007919  
   110.500   0.00225423   0.00006711   0.00140014   0.00005290   0.00072007   0.00003794   3.13055556   0.18947205   0.00297431   0.00007709  
   111.500   0.00211022   0.00006500   0.00122413   0.00004947   0.00071807   0.00003789   2.93871866   0.17955497   0.00282829   0.00007523  
   112.500   0.00210622   0.00006487   0.00127413   0.00005047   0.00073008   0.00003821   2.88493151   0.17518432   0.00283629   0.00007529  
   113.500   0.00200621   0.00006338   0.00115212   0.00004807   0.00066407   0.00003655   3.02108434   0.19171844   0.00267028   0.00007316  
   114.500   0.00204621   0.00006394   0.00120212   0.00004902   0.00069207   0.00003720   2.95664740   0.18382859   0.00273828   0.00007398  
   115.500   0.00211822   0.00006506   0.00116412   0.00004824   0.00062806   0.00003544   3.37261146   0.21666240   0.00274628   0.00007408  
   116.500   0.00193420   0.00006217   0.00115212   0.00004807   0.00065807   0.00003627   2.93920973   0.18754922   0.00259227   0.00007198  
   117.500   0.00197820   0.00006287   0.00114612   0.00004787   0.00057606   0.00003394   3.43402778   0.22988359   0.00255426   0.00007145  
   118.500   0.00192620   0.00006204   0.00102011   0.00004516   0.00064207   0.00003583   3.00000000   0.19330074   0.00256826   0.00007164  
   119.500   0.00182219   0.00006041   0.00113012   0.00004753   0.00051805   0.00003231   3.51737452   0.24844028   0.00234024   0.00006851  
   120.500   0.00177218   0.00005951   0.00098610   0.00004440   0.00057606   0.00003394   3.07638889   0.20862568   0.00234824   0.00006851  
   121.500   0.00179218   0.00005985   0.00104011   0.00004560   0.00060606   0.00003481   2.95709571   0.19647227   0.00239825   0.00006923  
   122.500   0.00176618   0.00005941   0.00102611   0.00004547   0.00059006   0.00003435   2.99322034   0.20124445   0.00235624   0.00006863  
   123.500   0.00161617   0.00005683   0.00098610   0.00004440   0.00054606   0.00003304   2.95970696   0.20715046   0.00216222   0.00006574  
   124.500   0.00165417   0.00005750   0.00098810   0.00004445   0.00054206   0.00003292   3.05166052   0.21355577   0.00219623   0.00006626  
   125.500   0.00168617   0.00005805   0.00090609   0.00004256   0.00057206   0.00003382   2.94755245   0.20165962   0.00225823   0.00006718  
   126.500   0.00162617   0.00005708   0.00091409   0.00004275   0.00058406   0.00003417   2.78424658   0.18997654   0.00221023   0.00006653  
   127.500   0.00154216   0.00005552   0.00094810   0.00004354   0.00053606   0.00003274   2.87686567   0.20396065   0.00207821   0.00006445  
   128.500   0.00149615   0.00005468   0.00091409   0.00004275   0.00049205   0.00003137   3.04065041   0.22343999   0.00198820   0.00006304  
   129.500   0.00158216   0.00005630   0.00089409   0.00004228   0.00050005   0.00003162   3.16400000   0.22958997   0.00208221   0.00006458  
   130.500   0.00153016   0.00005530   0.00092009   0.00004289   0.00045005   0.00003000   3.40000000   0.25780957   0.00198020   0.00006291  
   131.500   0.00135214   0.00005199   0.00085209   0.00004127   0.00053005   0.00003256   2.55094340   0.18484881   0.00188219   0.00006134  
   132.500   0.00138814   0.00005267   0.00080008   0.00004000   0.00050605   0.00003181   2.74308300   0.20141574   0.00189420   0.00006154  
   133.500   0.00130813   0.00005114   0.00080208   0.00004005   0.00048405   0.00003111   2.70247934   0.20330268   0.00179218   0.00005986  
   134.500   0.00123413   0.00004967   0.00082208   0.00004054   0.00040404   0.00002843   3.05445545   0.24756620   0.00163817   0.00005723  
   135.500   0.00125013   0.00004999   0.00076008   0.00003898   0.00038804   0.00002786   3.22164948   0.26473724   0.00163817   0.00005723  
   136.500   0.00134014   0.00005176   0.00070407   0.00003752   0.00044205   0.00002973   3.03167421   0.23513413   0.00178218   0.00005969  
   137.500   0.00109611   0.00004690   0.00072207   0.00003800   0.00039804   0.00002821   2.75376884   0.22799149   0.00149415   0.00005473  
   138.500   0.00126413   0.00005027   0.00073208   0.00003826   0.00041804   0.00002891   3.02392344   0.24125087   0.00168217   0.00005799  
   139.500   0.00118812   0.00004873   0.00074208   0.00003852   0.00040604   0.00002850   2.92610837   0.23785516   0.00159416   0.00005645  
   140.500   0.00112812   0.00004749   0.00064807   0.00003600   0.00041404   0.00002877   2.72463768   0.22138359   0.00154216   0.00005553  
   141.500   0.00103611   0.00004551   0.00072207   0.00003800   0.00042004   0.00002898   2.46666667   0.20176077   0.00145615   0.00005396  
   142.500   0.00105211   0.00004595   0.00060406   0.00003475   0.00040004   0.00002828   2.63000000   0.21856501   0.00145215   0.00005396  
   143.500   0.00111011   0.00004711   0.00063207   0.00003555   0.00039804   0.00002821   2.78894472   0.23040342   0.00150816   0.00005491  
   144.500   0.00106411   0.00004612   0.00063807   0.00003572   0.00040204   0.00002835   2.64676617   0.21910402   0.00146615   0.00005414  
   145.500   0.00097010   0.00004404   0.00066407   0.00003644   0.00035404   0.00002661   2.74011299   0.24059336   0.00132414   0.00005145  
   146.500   0.00100610   0.00004485   0.00063807   0.00003572   0.00033803   0.00002600   2.97633136   0.26459621   0.00134414   0.00005184  
   147.500   0.00101810   0.00004512   0.00063207   0.00003555   0.00035804   0.00002676   2.84357542   0.24706775   0.00137614   0.00005245  
   148.500   0.00090009   0.00004242   0.00059206   0.00003441   0.00037604   0.00002742   2.39361702   0.20783670   0.00127613   0.00005051  
   149.500   0.00096410   0.00004399   0.00060606   0.00003481   0.00034004   0.00002608   2.83529412   0.25301962   0.00130413   0.00005114  
   150.500   0.00082208   0.00004054   0.00048805   0.00003124   0.00030003   0.00002450   2.74000000   0.26134712   0.00112212   0.00004737  
   151.500   0.00089609   0.00004233   0.00055206   0.00003323   0.00037004   0.00002720   2.42162162   0.21160524   0.00126613   0.00005031  
   152.500   0.00088609   0.00004209   0.00053406   0.00003268   0.00033003   0.00002569   2.68484848   0.24483613   0.00121613   0.00004931  
   153.500   0.00086409   0.00004156   0.00049005   0.00003130   0.00031403   0.00002522   2.75159236   0.25758462   0.00117812   0.00004862  
   154.500   0.00080608   0.00004015   0.00049205   0.00003137   0.00030003   0.00002450   2.68666667   0.25693942   0.00110611   0.00004703  
   155.500   0.00082609   0.00004064   0.00059606   0.00003464   0.00033603   0.00002592   2.45833333   0.22492996   0.00116212   0.00004820  
   156.500   0.00079208   0.00003980   0.00050005   0.00003162   0.00028203   0.00002375   2.80851064   0.27539808   0.00107411   0.00004634  
   157.500   0.00078208   0.00003954   0.00050405   0.00003175   0.00030203   0.00002458   2.58940397   0.24807059   0.00108411   0.00004656  
   158.500   0.00075808   0.00003893   0.00051005   0.00003194   0.00029603   0.00002433   2.56081081   0.24819105   0.00105411   0.00004591  
   159.500   0.00071607   0.00003784   0.00047405   0.00003079   0.00028203   0.00002375   2.53900709   0.25241734   0.00099810   0.00004467  
   160.500   0.00074208   0.00003852   0.00044205   0.00002973   0.00027803   0.00002358   2.66906475   0.26540305   0.00102011   0.00004516  
   161.500   0.00068407   0.00003698   0.00044205   0.00002973   0.00025203   0.00002245   2.71428571   0.28283956   0.00093610   0.00004326  
   162.500   0.00068807   0.00003709   0.00040804   0.00002857   0.00025203   0.00002245   2.73015873   0.28427081   0.00094010   0.00004336  
   163.500   0.00066607   0.00003649   0.00040004   0.00002828   0.00022602   0.00002126   2.94690265   0.32080064   0.00089209   0.00004224  
   164.500   0.00060806   0.00003487   0.00040604   0.00002850   0.00023802   0.00002182   2.55462185   0.27621636   0.00084609   0.00004113  
   165.500   0.00063006   0.00003549   0.00039204   0.00002800   0.00023002   0.00002145   2.73913043   0.29840504   0.00086009   0.00004147  
   166.500   0.00058206   0.00003412   0.00042604   0.00002919   0.00023802   0.00002182   2.44537815   0.26606105   0.00082008   0.00004050  
   167.500   0.00061606   0.00003510   0.00031203   0.00002498   0.00025603   0.00002263   2.40625000   0.25302556   0.00087209   0.00004176  
   168.500   0.00063207   0.00003555   0.00039804   0.00002821   0.00024202   0.00002200   2.61157025   0.27916964   0.00087409   0.00004181  
   169.500   0.00062406   0.00003533   0.00035204   0.00002653   0.00025603   0.00002263   2.43750000   0.25582870   0.00088009   0.00004195  
   170.500   0.00056406   0.00003358   0.00037804   0.00002750   0.00022802   0.00002136   2.47368421   0.27452355   0.00079208   0.00003980  
   171.500   0.00051405   0.00003206   0.00034804   0.00002638   0.00023202   0.00002154   2.21551724   0.24779884   0.00074608   0.00003863  
   172.500   0.00051605   0.00003212   0.00035004   0.00002646   0.00023202   0.00002154   2.22413793   0.24861304   0.00074808   0.00003868  
   173.500   0.00047405   0.00003079   0.00032003   0.00002530   0.00022402   0.00002117   2.11607143   0.24262013   0.00069807   0.00003736  
   174.500   0.00048005   0.00003098   0.00032603   0.00002553   0.00018802   0.00001939   2.55319149   0.31064026   0.00066807   0.00003655  
   175.500   0.00053406   0.00003268   0.00033403   0.00002585   0.00019802   0.00001990   2.69696970   0.31733064   0.00073208   0.00003826  
   176.500   0.00044605   0.00002987   0.00032003   0.00002530   0.00020202   0.00002010   2.20792079   0.26479678   0.00064807   0.00003600  
   177.500   0.00047805   0.00003092   0.00032603   0.00002553   0.00018602   0.00001929   2.56989247   0.31406134   0.00066407   0.00003644  
   178.500   0.00050005   0.00003162   0.00031203   0.00002498   0.00017402   0.00001866   2.87356322   0.35766631   0.00067407   0.00003672  
   179.500   0.00046605   0.00003053   0.00031003   0.00002490   0.00017602   0.00001876   2.64772727   0.33126740   0.00064207   0.00003583  
   180.500   0.00045805   0.00003027   0.00028203   0.00002375   0.00017002   0.00001844   2.69411765   0.34215843   0.00062806   0.00003544  
   181.500   0.00040804   0.00002857   0.00027403   0.00002341   0.00013801   0.00001661   2.95652174   0.41171849   0.00054606   0.00003305  
   182.500   0.00041204   0.00002871   0.00030003   0.00002450   0.00016802   0.00001833   2.45238095   0.31745909   0.00058006   0.00003406  
   183.500   0.00041004   0.00002864   0.00025803   0.00002272   0.00014802   0.00001721   2.77027027   0.37567116   0.00055806   0.00003341  
   184.500   0.00044005   0.00002966   0.00026003   0.00002280   0.00018602   0.00001929   2.36559140   0.29257061   0.00062606   0.00003538  
   185.500   0.00032203   0.00002538   0.00028403   0.00002383   0.00015802   0.00001778   2.03797468   0.27993351   0.00048005   0.00003098  
   186.500   0.00037204   0.00002728   0.00026403   0.00002298   0.00013801   0.00001661   2.69565217   0.37995404   0.00051005   0.00003194  
   187.500   0.00035804   0.00002676   0.00027803   0.00002358   0.00016402   0.00001811   2.18292683   0.29107277   0.00052205   0.00003231  
   188.500   0.00035604   0.00002668   0.00022602   0.00002126   0.00012801   0.00001600   2.78125000   0.40534729   0.00048405   0.00003111  
   189.500   0.00032403   0.00002546   0.00021002   0.00002049   0.00016802   0.00001833   1.92857143   0.25928782   0.00049205   0.00003137  
   190.500   0.00031803   0.00002522   0.00024002   0.00002191   0.00016602   0.00001822   1.91566265   0.25939728   0.00048405   0.00003111  
   191.500   0.00029203   0.00002417   0.00024002   0.00002191   0.00016402   0.00001811   1.78048780   0.24569723   0.00045605   0.00003020  
   192.500   0.00031803   0.00002522   0.00023202   0.00002154   0.00017802   0.00001887   1.78651685   0.23649100   0.00049605   0.00003150  
   193.500   0.00030403   0.00002466   0.00020202   0.00002010   0.00011401   0.00001510   2.66666667   0.41415667   0.00041804   0.00002891  
   194.500   0.00029603   0.00002433   0.00016802   0.00001833   0.00016002   0.00001789   1.85000000   0.25670880   0.00045605   0.00003020  
   195.500   0.00032003   0.00002530   0.00018802   0.00001939   0.00012001   0.00001549   2.66666667   0.40366908   0.00044005   0.00002967  
   196.500   0.00030803   0.00002482   0.00020202   0.00002010   0.00010801   0.00001470   2.85185185   0.45100777   0.00041604   0.00002885  
   197.500   0.00027203   0.00002332   0.00020402   0.00002020   0.00009801   0.00001400   2.77551020   0.46242954   0.00037004   0.00002720  
   198.500   0.00031003   0.00002490   0.00021002   0.00002049   0.00011001   0.00001483   2.81818182   0.44229685   0.00042004   0.00002898  
   199.500   0.00027203   0.00002332   0.00018202   0.00001908   0.00013001   0.00001613   2.09230769   0.31548473   0.00040204   0.00002836  
   200.500   0.00026003   0.00002280   0.00016202   0.00001800   0.00011601   0.00001523   2.24137931   0.35390865   0.00037604   0.00002742  
   201.500   0.00026403   0.00002298   0.00015002   0.00001732   0.00013601   0.00001649   1.94117647   0.28974711   0.00040004   0.00002829  
   202.500   0.00027203   0.00002332   0.00014401   0.00001697   0.00008801   0.00001327   3.09090909   0.53605858   0.00036004   0.00002683  
   203.500   0.00025803   0.00002272   0.00015002   0.00001732   0.00010801   0.00001470   2.38888889   0.38718028   0.00036604   0.00002706  
   204.500   0.00026603   0.00002307   0.00016202   0.00001800   0.00012201   0.00001562   2.18032787   0.33714271   0.00038804   0.00002786  
   205.500   0.00023202   0.00002154   0.00015202   0.00001744   0.00008001   0.00001265   2.90000000   0.53172659   0.00031203   0.00002498  
   206.500   0.00021602   0.00002079   0.00016402   0.00001811   0.00009201   0.00001357   2.34782609   0.41335337   0.00030803   0.00002482  
   207.500   0.00020602   0.00002030   0.00015402   0.00001755   0.00012801   0.00001600   1.60937500   0.25614728   0.00033403   0.00002585  
   208.500   0.00023802   0.00002182   0.00019202   0.00001960   0.00009401   0.00001371   2.53191489   0.43618036   0.00033203   0.00002577  
   209.500   0.00023602   0.00002173   0.00016002   0.00001789   0.00010801   0.00001470   2.18518519   0.35900335   0.00034404   0.00002623  
   210.500   0.00022802   0.00002136   0.00013201   0.00001625   0.00009601   0.00001386   2.37500000   0.40863297   0.00032403   0.00002546  
   211.500   0.00019402   0.00001970   0.00015402   0.00001755   0.00009801   0.00001400   1.97959184   0.34693974   0.00029203   0.00002417  
   212.500   0.00022402   0.00002117   0.00010801   0.00001470   0.00010401   0.00001442   2.15384615   0.36141861   0.00032803   0.00002561  
   213.500   0.00019002   0.00001949   0.00013001   0.00001613   0.00008201   0.00001281   2.31707317   0.43295528   0.00027203   0.00002333  
   214.500   0.00016602   0.00001822   0.00010601   0.00001456   0.00010401   0.00001442   1.59615385   0.28228451   0.00027003   0.00002324  
   215.500   0.00017402   0.00001866   0.00011001   0.00001483   0.00006801   0.00001166   2.55882353   0.51751546   0.00024202   0.00002200  
   216.500   0.00012601   0.00001588   0.00011001   0.00001483   0.00009801   0.00001400   1.28571429   0.24489121   0.00022402   0.00002117  
   217.500   0.00017402   0.00001866   0.00011001   0.00001483   0.00007401   0.00001217   2.35135135   0.46148395   0.00024803   0.00002227  
   218.500   0.00014001   0.00001673   0.00015202   0.00001744   0.00008001   0.00001265   1.75000000   0.34685210   0.00022002   0.00002098  
   219.500   0.00015402   0.00001755   0.00011401   0.00001510   0.00008001   0.00001265   1.92500000   0.37517757   0.00023402   0.00002163  
   220.500   0.00014201   0.00001685   0.00012801   0.00001600   0.00007001   0.00001183   2.02857143   0.41895738   0.00021202   0.00002059  
   221.500   0.00014201   0.00001685   0.00010601   0.00001456   0.00007001   0.00001183   2.02857143   0.41895738   0.00021202   0.00002059  
   222.500   0.00016002   0.00001789   0.00012001   0.00001549   0.00007601   0.00001233   2.10526316   0.41476243   0.00023602   0.00002173  
   223.500   0.00014602   0.00001709   0.00009201   0.00001357   0.00006801   0.00001166   2.14705882   0.44578441   0.00021402   0.00002069  
   224.500   0.00012401   0.00001575   0.00012001   0.00001549   0.00006401   0.00001131   1.93750000   0.42172138   0.00018802   0.00001939  
   225.500   0.00016202   0.00001800   0.00009201   0.00001357   0.00005801   0.00001077   2.79310345   0.60441130   0.00022002   0.00002098  
   226.500   0.00012201   0.00001562   0.00011401   0.00001510   0.00007601   0.00001233   1.60526316   0.33173930   0.00019802   0.00001990  
   227.500   0.00019202   0.00001960   0.00008401   0.00001296   0.00006601   0.00001149   2.90909091   0.58701460   0.00025803   0.00002272  
   228.500   0.00015002   0.00001732   0.00012401   0.00001575   0.00002800   0.00000748   5.35714286   1.55965471   0.00017802   0.00001887  
   229.500   0.00016202   0.00001800   0.00008801   0.00001327   0.00006001   0.00001096   2.70000000   0.57704885   0.00022202   0.00002107  
   230.500   0.00010801   0.00001470   0.00012401   0.00001575   0.00006401   0.00001131   1.68750000   0.37645443   0.00017202   0.00001855  
   231.500   0.00012601   0.00001588   0.00010201   0.00001428   0.00006001   0.00001096   2.10000000   0.46582310   0.00018602   0.00001929  
   232.500   0.00011401   0.00001510   0.00009801   0.00001400   0.00006601   0.00001149   1.72727273   0.37781457   0.00018002   0.00001898  
   233.500   0.00011401   0.00001510   0.00010001   0.00001414   0.00005601   0.00001058   2.03571429   0.46978776   0.00017002   0.00001844  
   234.500   0.00014401   0.00001697   0.00006801   0.00001166   0.00005401   0.00001039   2.66666667   0.60176882   0.00019802   0.00001990  
   235.500   0.00011401   0.00001510   0.00007401   0.00001217   0.00005401   0.00001039   2.11111111   0.49320047   0.00016802   0.00001833  
   236.500   0.00012801   0.00001600   0.00007601   0.00001233   0.00006201   0.00001114   2.06451613   0.45175211   0.00019002   0.00001950  
   237.500   0.00010201   0.00001428   0.00006001   0.00001096   0.00004000   0.00000895   2.55000000   0.67276444   0.00014201   0.00001685  
   238.500   0.00010201   0.00001428   0.00008601   0.00001312   0.00004400   0.00000938   2.31818182   0.59129718   0.00014602   0.00001709  
   239.500   0.00010601   0.00001456   0.00006401   0.00001131   0.00004000   0.00000895   2.65000000   0.69542143   0.00014602   0.00001709  
   240.500   0.00010401   0.00001442   0.00007201   0.00001200   0.00004200   0.00000917   2.47619048   0.64021768   0.00014602   0.00001709  
   241.500   0.00011801   0.00001536   0.00005601   0.00001058   0.00003400   0.00000825   3.47058824   0.95533061   0.00015202   0.00001744  
   242.500   0.00008201   0.00001281   0.00006201   0.00001114   0.00005601   0.00001058   1.46428571   0.35898162   0.00013801   0.00001661  
   243.500   0.00009001   0.00001342   0.00005801   0.00001077   0.00004800   0.00000980   1.87500000   0.47392230   0.00013801   0.00001661  
   244.500   0.00009401   0.00001371   0.00006201   0.00001114   0.00003800   0.00000872   2.47368421   0.67248813   0.00013201   0.00001625  
   245.500   0.00009201   0.00001357   0.00007201   0.00001200   0.00003600   0.00000849   2.55555556   0.71048438   0.00012801   0.00001600  
   246.500   0.00008601   0.00001312   0.00006401   0.00001131   0.00004000   0.00000895   2.15000000   0.58190698   0.00012601   0.00001588  
   247.500   0.00007801   0.00001249   0.00006601   0.00001149   0.00003000   0.00000775   2.60000000   0.78992814   0.00010801   0.00001470  
   248.500   0.00009601   0.00001386   0.00005401   0.00001039   0.00003200   0.00000800   3.00000000   0.86601500   0.00012801   0.00001600  
   249.500   0.00011001   0.00001483   0.00006001   0.00001096   0.00002800   0.00000748   3.92857143   1.17600449   0.00013801   0.00001661  
   250.500   0.00009201   0.00001357   0.00007001   0.00001183   0.00003800   0.00000872   2.42105263   0.66023622   0.00013001   0.00001613  
   251.500   0.00008401   0.00001296   0.00005601   0.00001058   0.00003200   0.00000800   2.62500000   0.77117624   0.00011601   0.00001523  
   252.500   0.00007601   0.00001233   0.00003400   0.00000825   0.00005601   0.00001058   1.35714286   0.33800235   0.00013201   0.00001625  
   253.500   0.00006601   0.00001149   0.00004200   0.00000917   0.00005001   0.00001000   1.32000000   0.34998932   0.00011601   0.00001523  
   254.500   0.00005201   0.00001020   0.00004600   0.00000959   0.00004000   0.00000895   1.30000000   0.38664792   0.00009201   0.00001357  
   255.500   0.00007401   0.00001217   0.00006001   0.00001096   0.00003000   0.00000775   2.46666667   0.75502443   0.00010401   0.00001442  
   256.500   0.00006601   0.00001149   0.00003600   0.00000849   0.00002600   0.00000721   2.53846154   0.83122160   0.00009201   0.00001357  
   257.500   0.00007201   0.00001200   0.00006001   0.00001096   0.00006001   0.00001096   1.20000000   0.29664307   0.00013201   0.00001625  
   258.500   0.00007001   0.00001183   0.00004200   0.00000917   0.00002400   0.00000693   2.91666667   0.97567953   0.00009401   0.00001371  
   259.500   0.00004400   0.00000938   0.00005001   0.00001000   0.00002600   0.00000721   1.69230769   0.59200692   0.00007001   0.00001183  
   260.500   0.00007001   0.00001183   0.00003000   0.00000775   0.00003800   0.00000872   1.84210526   0.52492244   0.00010801   0.00001470  
   261.500   0.00003600   0.00000849   0.00006001   0.00001096   0.00002600   0.00000721   1.38461538   0.50396318   0.00006201   0.00001114  
   262.500   0.00005001   0.00001000   0.00003200   0.00000800   0.00002800   0.00000748   1.78571429   0.59608247   0.00007801   0.00001249  
   263.500   0.00005201   0.00001020   0.00005401   0.00001039   0.00003600   0.00000849   1.44444444   0.44289383   0.00008801   0.00001327  
   264.500   0.00005801   0.00001077   0.00003400   0.00000825   0.00003000   0.00000775   1.93333333   0.61487119   0.00008801   0.00001327  
   265.500   0.00005201   0.00001020   0.00003800   0.00000872   0.00002800   0.00000748   1.85714286   0.61563125   0.00008001   0.00001265  
   266.500   0.00006601   0.00001149   0.00005401   0.00001039   0.00002200   0.00000663   3.00000000   1.04445732   0.00008801   0.00001327  
   267.500   0.00006801   0.00001166   0.00003600   0.00000849   0.00002600   0.00000721   2.61538462   0.85284338   0.00009401   0.00001371  
   268.500   0.00004800   0.00000980   0.00005001   0.00001000   0.00002800   0.00000748   1.71428571   0.57650293   0.00007601   0.00001233  
   269.500   0.00004400   0.00000938   0.00003200   0.00000800   0.00002600   0.00000721   1.69230769   0.59200692   0.00007001   0.00001183  
   270.500   0.00004400   0.00000938   0.00003200   0.00000800   0.00003800   0.00000872   1.15789474   0.36263393   0.00008201   0.00001281  
   271.500   0.00005001   0.00001000   0.00003400   0.00000825   0.00002400   0.00000693   2.08333333   0.73163668   0.00007401   0.00001217  
   272.500   0.00004600   0.00000959   0.00002800   0.00000748   0.00003600   0.00000849   1.27777778   0.40210800   0.00008201   0.00001281  
   273.500   0.00003000   0.00000775   0.00003600   0.00000849   0.00002600   0.00000721   1.15384615   0.43722661   0.00005601   0.00001058  
   274.500   0.00004400   0.00000938   0.00002800   0.00000748   0.00001800   0.00000600   2.44444444   0.96722080   0.00006201   0.00001114  
   275.500   0.00004400   0.00000938   0.00004200   0.00000917   0.00002200   0.00000663   2.00000000   0.73854351   0.00006601   0.00001149  
   276.500   0.00003400   0.00000825   0.00002400   0.00000693   0.00001600   0.00000566   2.12500000   0.91108128   0.00005001   0.00001000  
   277.500   0.00004400   0.00000938   0.00002600   0.00000721   0.00001800   0.00000600   2.44444444   0.96722080   0.00006201   0.00001114  
   278.500   0.00004200   0.00000917   0.00002800   0.00000748   0.00002400   0.00000693   1.75000000   0.63327366   0.00006601   0.00001149  
   279.500   0.00003600   0.00000849   0.00003000   0.00000775   0.00002600   0.00000721   1.38461538   0.50396318   0.00006201   0.00001114  
   280.500   0.00003600   0.00000849   0.00001600   0.00000566   0.00001800   0.00000600   2.00000000   0.81649167   0.00005401   0.00001039  
   281.500   0.00001800   0.00000600   0.00001600   0.00000566   0.00001800   0.00000600   1.00000000   0.47140239   0.00003600   0.00000849  
   282.500   0.00003200   0.00000800   0.00003400   0.00000825   0.00001200   0.00000490   2.66666667   1.27656389   0.00004400   0.00000938  
   283.500   0.00002800   0.00000748   0.00001800   0.00000600   0.00002000   0.00000633   1.40000000   0.57965168   0.00004800   0.00000980  
   284.500   0.00002600   0.00000721   0.00002200   0.00000663   0.00002400   0.00000693   1.08333333   0.43367772   0.00005001   0.00001000  
   285.500   0.00003000   0.00000775   0.00001600   0.00000566   0.00001800   0.00000600   1.66666667   0.70272440   0.00004800   0.00000980  
   286.500   0.00003400   0.00000825   0.00002200   0.00000663   0.00001000   0.00000447   3.40000000   1.72973324   0.00004400   0.00000938  
   287.500   0.00003800   0.00000872   0.00003200   0.00000800   0.00001000   0.00000447   3.80000000   1.90996626   0.00004800   0.00000980  
   288.500   0.00002600   0.00000721   0.00002600   0.00000721   0.00000600   0.00000346   4.33333333   2.77554803   0.00003200   0.00000800  
   289.500   0.00003000   0.00000775   0.00002200   0.00000663   0.00001000   0.00000447   3.00000000   1.54918758   0.00004000   0.00000895  
   290.500   0.00002200   0.00000663   0.00001200   0.00000490   0.00000200   0.00000200  11.00000000  11.48911479   0.00002400   0.00000693  
   291.500   0.00003200   0.00000800   0.00001800   0.00000600   0.00001800   0.00000600   1.77777778   0.74073647   0.00005001   0.00001000  
   292.500   0.00001000   0.00000447   0.00001800   0.00000600   0.00001200   0.00000490   0.83333333   0.50460700   0.00002200   0.00000663  
   293.500   0.00002600   0.00000721   0.00001800   0.00000600   0.00001000   0.00000447   2.60000000   1.36820561   0.00003600   0.00000849  
   294.500   0.00002000   0.00000633   0.00001800   0.00000600   0.00001000   0.00000447   2.00000000   1.09544149   0.00003000   0.00000775  
   295.500   0.00003000   0.00000775   0.00002000   0.00000633   0.00001200   0.00000490   2.50000000   1.20760953   0.00004200   0.00000917  
   296.500   0.00001200   0.00000490   0.00002600   0.00000721   0.00001400   0.00000529   0.85714286   0.47686871   0.00002600   0.00000721  
   297.500   0.00001000   0.00000447   0.00001800   0.00000600   0.00001000   0.00000447   1.00000000   0.63245396   0.00002000   0.00000633  
   298.500   0.00002400   0.00000693   0.00001600   0.00000566   0.00001600   0.00000566   1.50000000   0.68464991   0.00004000   0.00000895  
   299.500   0.00002000   0.00000633   0.00000800   0.00000400   0.00002000   0.00000633   1.00000000   0.44721137   0.00004000   0.00000895  
