0.500   0.00206200   0.00006419   0.00023600   0.00002172   0.00020400   0.00002020  10.10784314   1.04906824   0.00226600   0.00006729  
     1.500   0.00356400   0.00008435   0.00046000   0.00003033   0.00033400   0.00002584  10.67065868   0.86341328   0.00389800   0.00008822  
     2.500   0.00437000   0.00009351   0.00056400   0.00003358   0.00036600   0.00002705  11.93989071   0.91878242   0.00473600   0.00009735  
     3.500   0.00502600   0.00010021   0.00072400   0.00003805   0.00050800   0.00003187   9.89370079   0.65130109   0.00553400   0.00010516  
     4.500   0.00551200   0.00010493   0.00075800   0.00003893   0.00052600   0.00003243  10.47908745   0.67617749   0.00603800   0.00010982  
     5.500   0.00566200   0.00010645   0.00100200   0.00004475   0.00059000   0.00003435   9.59661017   0.58706710   0.00625200   0.00011186  
     6.500   0.00599000   0.00010951   0.00101400   0.00004511   0.00069600   0.00003730   8.60632184   0.48736339   0.00668600   0.00011569  
     7.500   0.00616600   0.00011095   0.00117000   0.00004836   0.00066200   0.00003638   9.31419940   0.53860949   0.00682800   0.00011676  
     8.500   0.00632800   0.00011243   0.00142400   0.00005342   0.00063400   0.00003560   9.98107256   0.58788678   0.00696200   0.00011793  
     9.500   0.00658000   0.00011470   0.00139600   0.00005282   0.00073600   0.00003836   8.94021739   0.49132708   0.00731600   0.00012095  
    10.500   0.00667600   0.00011550   0.00156000   0.00005584   0.00067400   0.00003671   9.90504451   0.56603301   0.00735000   0.00012119  
    11.500   0.00681000   0.00011685   0.00158400   0.00005626   0.00073400   0.00003831   9.27792916   0.50971278   0.00754400   0.00012297  
    12.500   0.00691200   0.00011754   0.00188200   0.00006132   0.00078000   0.00003949   8.86153846   0.47326687   0.00769200   0.00012400  
    13.500   0.00681600   0.00011683   0.00188400   0.00006136   0.00074600   0.00003862   9.13672922   0.49824671   0.00756200   0.00012305  
    14.500   0.00709200   0.00011922   0.00215200   0.00006569   0.00080200   0.00004004   8.84289277   0.46585884   0.00789400   0.00012577  
    15.500   0.00741000   0.00012177   0.00221000   0.00006651   0.00082200   0.00004054   9.01459854   0.46859971   0.00823200   0.00012834  
    16.500   0.00725600   0.00012051   0.00222000   0.00006666   0.00091200   0.00004270   7.95614035   0.39523942   0.00816800   0.00012785  
    17.500   0.00734200   0.00012135   0.00256000   0.00007156   0.00093600   0.00004326   7.84401709   0.38499170   0.00827800   0.00012883  
    18.500   0.00721600   0.00012002   0.00252200   0.00007098   0.00095600   0.00004372   7.54811715   0.36728187   0.00817200   0.00012773  
    19.500   0.00764200   0.00012352   0.00260000   0.00007218   0.00097000   0.00004403   7.87835052   0.37964456   0.00861200   0.00013114  
    20.500   0.00740600   0.00012154   0.00276800   0.00007435   0.00090200   0.00004246   8.21064302   0.40935124   0.00830800   0.00012875  
    21.500   0.00751400   0.00012265   0.00297000   0.00007712   0.00091400   0.00004275   8.22100656   0.40722030   0.00842800   0.00012989  
    22.500   0.00773800   0.00012464   0.00301000   0.00007763   0.00094200   0.00004339   8.21443737   0.40087895   0.00868000   0.00013198  
    23.500   0.00793200   0.00012602   0.00289800   0.00007613   0.00097800   0.00004431   8.11042945   0.38936555   0.00891000   0.00013358  
    24.500   0.00805600   0.00012696   0.00315000   0.00007931   0.00101400   0.00004502   7.94477318   0.37431251   0.00907000   0.00013471  
    25.500   0.00787200   0.00012545   0.00308200   0.00007850   0.00104800   0.00004577   7.51145038   0.34921103   0.00892000   0.00013354  
    26.500   0.00811000   0.00012735   0.00302800   0.00007786   0.00103600   0.00004551   7.82818533   0.36517323   0.00914600   0.00013524  
    27.500   0.00816200   0.00012791   0.00320000   0.00007994   0.00113200   0.00004757   7.21024735   0.32336841   0.00929400   0.00013647  
    28.500   0.00827800   0.00012871   0.00313200   0.00007908   0.00116800   0.00004832   7.08732877   0.31321667   0.00944600   0.00013748  
    29.500   0.00849200   0.00013035   0.00336400   0.00008200   0.00105600   0.00004594   8.04166667   0.37101330   0.00954800   0.00013821  
    30.500   0.00859800   0.00013116   0.00340600   0.00008266   0.00103200   0.00004542   8.33139535   0.38807483   0.00963000   0.00013880  
    31.500   0.00867600   0.00013174   0.00343800   0.00008285   0.00118200   0.00004861   7.34010152   0.32176374   0.00985800   0.00014043  
    32.500   0.00879400   0.00013278   0.00338600   0.00008237   0.00113000   0.00004753   7.78230088   0.34776447   0.00992400   0.00014103  
    33.500   0.00823000   0.00012825   0.00340800   0.00008268   0.00117400   0.00004844   7.01022147   0.30919907   0.00940400   0.00013709  
    34.500   0.00881400   0.00013287   0.00348600   0.00008347   0.00103400   0.00004546   8.52417795   0.39621261   0.00984800   0.00014043  
    35.500   0.00868600   0.00013158   0.00348800   0.00008345   0.00117200   0.00004848   7.41126280   0.32649758   0.00985800   0.00014023  
    36.500   0.00853600   0.00013081   0.00348200   0.00008338   0.00118400   0.00004865   7.20945946   0.31615169   0.00972000   0.00013956  
    37.500   0.00861200   0.00013123   0.00355800   0.00008438   0.00124000   0.00004978   6.94516129   0.29824663   0.00985200   0.00014036  
    38.500   0.00847600   0.00013026   0.00343000   0.00008280   0.00124400   0.00004986   6.81350482   0.29249721   0.00972000   0.00013948  
    39.500   0.00880000   0.00013258   0.00350600   0.00008371   0.00137200   0.00005244   6.41399417   0.26351853   0.01017200   0.00014258  
    40.500   0.00844800   0.00012996   0.00348600   0.00008347   0.00128600   0.00005078   6.56920684   0.27837369   0.00973400   0.00013952  
    41.500   0.00863600   0.00013144   0.00345200   0.00008307   0.00127800   0.00005062   6.75743349   0.28673382   0.00991400   0.00014085  
    42.500   0.00846200   0.00013012   0.00350000   0.00008374   0.00134000   0.00005175   6.31492537   0.26250693   0.00980200   0.00014004  
    43.500   0.00810400   0.00012712   0.00339000   0.00008237   0.00132000   0.00005136   6.13939394   0.25757570   0.00942400   0.00013710  
    44.500   0.00807400   0.00012694   0.00349400   0.00008352   0.00135000   0.00005194   5.98074074   0.24859178   0.00942400   0.00013716  
    45.500   0.00800800   0.00012649   0.00337000   0.00008213   0.00128000   0.00005058   6.25625000   0.26623992   0.00928800   0.00013623  
    46.500   0.00801000   0.00012651   0.00337600   0.00008215   0.00147200   0.00005424   5.44157609   0.21814759   0.00948200   0.00013764  
    47.500   0.00796200   0.00012638   0.00335600   0.00008191   0.00134400   0.00005183   5.92410714   0.24704701   0.00930600   0.00013660  
    48.500   0.00773400   0.00012432   0.00316000   0.00007944   0.00140800   0.00005305   5.49289773   0.22499807   0.00914200   0.00013517  
    49.500   0.00749600   0.00012238   0.00338200   0.00008222   0.00144400   0.00005372   5.19113573   0.21090086   0.00894000   0.00013365  
    50.500   0.00750800   0.00012247   0.00328600   0.00008100   0.00135000   0.00005194   5.56148148   0.23242559   0.00885800   0.00013303  
    51.500   0.00716600   0.00011980   0.00323000   0.00008046   0.00130800   0.00005113   5.47859327   0.23292398   0.00847400   0.00013026  
    52.500   0.00727200   0.00012061   0.00323600   0.00008038   0.00140400   0.00005297   5.17948718   0.21346702   0.00867600   0.00013173  
    53.500   0.00699800   0.00011827   0.00311600   0.00007893   0.00143400   0.00005361   4.88005579   0.20021337   0.00843200   0.00012985  
    54.500   0.00718600   0.00011987   0.00317200   0.00007964   0.00130600   0.00005109   5.50229709   0.23400243   0.00849200   0.00013030  
    55.500   0.00681800   0.00011668   0.00313000   0.00007911   0.00132200   0.00005140   5.15733737   0.21909379   0.00814000   0.00012750  
    56.500   0.00658400   0.00011467   0.00311000   0.00007886   0.00137200   0.00005237   4.79883382   0.20132502   0.00795600   0.00012606  
    57.500   0.00671000   0.00011572   0.00311400   0.00007886   0.00128800   0.00005074   5.20962733   0.22402687   0.00799800   0.00012635  
    58.500   0.00650800   0.00011401   0.00311000   0.00007881   0.00129000   0.00005086   5.04496124   0.21764057   0.00779800   0.00012484  
    59.500   0.00625800   0.00011177   0.00288000   0.00007584   0.00127800   0.00005054   4.89671362   0.21248266   0.00753600   0.00012267  
    60.500   0.00621400   0.00011138   0.00299800   0.00007743   0.00135400   0.00005202   4.58936484   0.19456813   0.00756800   0.00012293  
    61.500   0.00600800   0.00010964   0.00286200   0.00007560   0.00133600   0.00005167   4.49700599   0.19232279   0.00734400   0.00012120  
    62.500   0.00610000   0.00011039   0.00287800   0.00007581   0.00132600   0.00005148   4.60030166   0.19705243   0.00742600   0.00012181  
    63.500   0.00597800   0.00010947   0.00277800   0.00007454   0.00131600   0.00005129   4.54255319   0.19559940   0.00729400   0.00012089  
    64.500   0.00579800   0.00010764   0.00277400   0.00007454   0.00133400   0.00005164   4.34632684   0.18658405   0.00713200   0.00011938  
    65.500   0.00576400   0.00010733   0.00278400   0.00007467   0.00133600   0.00005167   4.31437126   0.18520212   0.00710000   0.00011912  
    66.500   0.00564600   0.00010630   0.00271000   0.00007363   0.00121800   0.00004934   4.63546798   0.20707232   0.00686400   0.00011719  
    67.500   0.00552400   0.00010508   0.00288800   0.00007605   0.00113800   0.00004769   4.85413005   0.22341195   0.00666200   0.00011540  
    68.500   0.00540000   0.00010386   0.00270400   0.00007354   0.00133000   0.00005164   4.06015038   0.17591284   0.00673000   0.00011599  
    69.500   0.00529800   0.00010296   0.00260400   0.00007217   0.00119400   0.00004893   4.43718593   0.20125926   0.00649200   0.00011399  
    70.500   0.00503600   0.00010039   0.00263000   0.00007259   0.00127000   0.00005038   3.96535433   0.17605482   0.00630600   0.00011233  
    71.500   0.00480400   0.00009803   0.00251200   0.00007084   0.00117400   0.00004852   4.09199319   0.18862010   0.00597800   0.00010938  
    72.500   0.00512800   0.00010118   0.00254000   0.00007123   0.00123200   0.00004962   4.16233766   0.18668892   0.00636000   0.00011270  
    73.500   0.00486600   0.00009853   0.00247000   0.00007024   0.00115400   0.00004803   4.21663778   0.19515871   0.00602000   0.00010961  
    74.500   0.00479200   0.00009786   0.00235200   0.00006855   0.00119200   0.00004881   4.02013423   0.18395843   0.00598400   0.00010936  
    75.500   0.00473600   0.00009729   0.00241200   0.00006947   0.00113200   0.00004757   4.18374558   0.19568998   0.00586800   0.00010830  
    76.500   0.00447600   0.00009468   0.00247000   0.00007024   0.00114800   0.00004790   3.89895470   0.18240213   0.00562400   0.00010611  
    77.500   0.00462800   0.00009618   0.00226600   0.00006728   0.00116200   0.00004819   3.98278830   0.18476316   0.00579000   0.00010758  
    78.500   0.00434600   0.00009317   0.00232400   0.00006814   0.00116600   0.00004836   3.72727273   0.17401882   0.00551200   0.00010498  
    79.500   0.00425200   0.00009216   0.00222000   0.00006660   0.00121000   0.00004918   3.51404959   0.16186392   0.00546200   0.00010446  
    80.500   0.00411800   0.00009079   0.00212400   0.00006520   0.00113400   0.00004761   3.63139330   0.17220450   0.00525200   0.00010252  
    81.500   0.00411600   0.00009073   0.00232400   0.00006814   0.00109200   0.00004672   3.76923077   0.18140751   0.00520800   0.00010205  
    82.500   0.00383200   0.00008760   0.00204400   0.00006397   0.00110800   0.00004715   3.45848375   0.16705320   0.00494000   0.00009948  
    83.500   0.00382200   0.00008744   0.00210200   0.00006493   0.00104200   0.00004573   3.66794626   0.18152204   0.00486400   0.00009867  
    84.500   0.00375800   0.00008671   0.00199400   0.00006318   0.00112000   0.00004732   3.35535714   0.16151246   0.00487800   0.00009878  
    85.500   0.00371600   0.00008613   0.00212800   0.00006520   0.00102000   0.00004515   3.64313725   0.18204744   0.00473600   0.00009725  
    86.500   0.00379800   0.00008730   0.00202200   0.00006362   0.00104600   0.00004581   3.63097514   0.17960389   0.00484400   0.00009859  
    87.500   0.00353400   0.00008404   0.00204600   0.00006400   0.00101000   0.00004493   3.49900990   0.17651003   0.00454400   0.00009530  
    88.500   0.00350000   0.00008359   0.00182400   0.00006044   0.00101000   0.00004493   3.46534653   0.17497860   0.00451000   0.00009490  
    89.500   0.00345400   0.00008324   0.00182200   0.00006040   0.00087000   0.00004170   3.97011494   0.21300588   0.00432400   0.00009310  
    90.500   0.00320000   0.00008004   0.00205000   0.00006400   0.00096800   0.00004399   3.30578512   0.17147685   0.00416800   0.00009133  
    91.500   0.00343400   0.00008285   0.00180600   0.00006014   0.00092400   0.00004298   3.71645022   0.19473602   0.00435800   0.00009333  
    92.500   0.00339000   0.00008232   0.00183600   0.00006057   0.00092800   0.00004307   3.65301724   0.19135113   0.00431800   0.00009291  
    93.500   0.00299000   0.00007727   0.00179400   0.00005987   0.00086800   0.00004166   3.44470046   0.18776126   0.00385800   0.00008779  
    94.500   0.00296000   0.00007688   0.00170600   0.00005839   0.00097800   0.00004422   3.02658487   0.15780863   0.00393800   0.00008869  
    95.500   0.00301800   0.00007768   0.00166600   0.00005770   0.00089200   0.00004223   3.38340807   0.18231896   0.00391000   0.00008842  
    96.500   0.00287600   0.00007584   0.00180000   0.00005997   0.00093600   0.00004326   3.07264957   0.16349064   0.00381200   0.00008731  
    97.500   0.00285000   0.00007560   0.00160200   0.00005658   0.00089200   0.00004223   3.19506726   0.17338537   0.00374200   0.00008660  
    98.500   0.00287200   0.00007573   0.00157600   0.00005612   0.00088200   0.00004199   3.25623583   0.17721681   0.00375400   0.00008660  
    99.500   0.00265400   0.00007281   0.00164400   0.00005732   0.00089800   0.00004237   2.95545657   0.16130272   0.00355200   0.00008424  
   100.500   0.00278000   0.00007462   0.00152800   0.00005526   0.00081400   0.00004034   3.41523342   0.19248400   0.00359400   0.00008483  
   101.500   0.00248200   0.00007047   0.00157200   0.00005605   0.00080000   0.00003999   3.10250000   0.17836273   0.00328200   0.00008103  
   102.500   0.00261400   0.00007231   0.00156600   0.00005609   0.00085400   0.00004132   3.06088993   0.17059353   0.00346800   0.00008329  
   103.500   0.00248000   0.00007038   0.00142200   0.00005346   0.00082000   0.00004049   3.02439024   0.17224364   0.00330000   0.00008120  
   104.500   0.00237800   0.00006898   0.00139200   0.00005290   0.00075600   0.00003888   3.14550265   0.18571683   0.00313400   0.00007918  
   105.500   0.00244200   0.00006984   0.00147400   0.00005428   0.00073200   0.00003826   3.33606557   0.19874780   0.00317400   0.00007963  
   106.500   0.00226800   0.00006737   0.00131200   0.00005121   0.00076400   0.00003908   2.96858639   0.17560363   0.00303200   0.00007789  
   107.500   0.00226800   0.00006731   0.00137400   0.00005248   0.00070800   0.00003762   3.20338983   0.19497813   0.00297600   0.00007711  
   108.500   0.00209000   0.00006468   0.00128800   0.00005074   0.00071000   0.00003768   2.94366197   0.18082977   0.00280000   0.00007485  
   109.500   0.00209200   0.00006477   0.00131000   0.00005117   0.00079200   0.00003979   2.64141414   0.15588666   0.00288400   0.00007602  
   110.500   0.00218800   0.00006630   0.00125000   0.00004998   0.00067200   0.00003665   3.25595238   0.20315892   0.00286000   0.00007575  
   111.500   0.00208000   0.00006446   0.00128000   0.00005066   0.00068600   0.00003703   3.03206997   0.18874459   0.00276600   0.00007435  
   112.500   0.00198800   0.00006302   0.00109800   0.00004685   0.00065200   0.00003622   3.04907975   0.19500623   0.00264000   0.00007269  
   113.500   0.00201400   0.00006343   0.00118400   0.00004865   0.00071200   0.00003773   2.82865169   0.17437066   0.00272600   0.00007381  
   114.500   0.00201000   0.00006337   0.00120400   0.00004906   0.00064000   0.00003577   3.14062500   0.20153968   0.00265000   0.00007277  
   115.500   0.00182400   0.00006044   0.00114600   0.00004786   0.00069200   0.00003720   2.63583815   0.16643537   0.00251600   0.00007097  
   116.500   0.00180000   0.00005997   0.00108200   0.00004651   0.00062000   0.00003521   2.90322581   0.19114864   0.00242000   0.00006954  
   117.500   0.00171200   0.00005856   0.00114800   0.00004790   0.00060600   0.00003481   2.82508251   0.18886440   0.00231800   0.00006812  
   118.500   0.00177200   0.00005951   0.00099400   0.00004458   0.00060000   0.00003475   2.95333333   0.19772394   0.00237200   0.00006891  
   119.500   0.00174800   0.00005910   0.00102200   0.00004520   0.00052600   0.00003243   3.32319392   0.23367622   0.00227400   0.00006741  
   120.500   0.00166800   0.00005773   0.00103800   0.00004573   0.00062400   0.00003532   2.67307692   0.17735556   0.00229200   0.00006768  
   121.500   0.00159200   0.00005640   0.00097400   0.00004413   0.00056000   0.00003346   2.84285714   0.19748569   0.00215200   0.00006558  
   122.500   0.00162800   0.00005704   0.00092400   0.00004307   0.00057000   0.00003376   2.85614035   0.19654051   0.00219800   0.00006628  
   123.500   0.00143400   0.00005353   0.00097400   0.00004422   0.00055800   0.00003340   2.56989247   0.18129911   0.00199200   0.00006310  
   124.500   0.00145600   0.00005402   0.00088600   0.00004209   0.00052400   0.00003237   2.77862595   0.20021912   0.00198000   0.00006297  
   125.500   0.00147800   0.00005435   0.00092600   0.00004302   0.00046600   0.00003053   3.17167382   0.23825637   0.00194400   0.00006233  
   126.500   0.00134400   0.00005183   0.00090800   0.00004260   0.00052600   0.00003243   2.55513308   0.18581241   0.00187000   0.00006114  
   127.500   0.00132600   0.00005148   0.00092400   0.00004298   0.00058200   0.00003411   2.27835052   0.16017828   0.00190800   0.00006176  
   128.500   0.00127800   0.00005054   0.00085400   0.00004132   0.00047800   0.00003092   2.67364017   0.20268673   0.00175600   0.00005925  
   129.500   0.00134200   0.00005179   0.00090200   0.00004246   0.00053800   0.00003280   2.49442379   0.17997548   0.00188000   0.00006130  
   130.500   0.00135400   0.00005202   0.00085600   0.00004137   0.00054600   0.00003304   2.47985348   0.17775739   0.00190000   0.00006163  
   131.500   0.00130600   0.00005109   0.00080000   0.00003999   0.00054200   0.00003292   2.40959410   0.17408264   0.00184800   0.00006078  
   132.500   0.00120800   0.00004914   0.00082200   0.00004054   0.00049000   0.00003130   2.46530612   0.18670137   0.00169800   0.00005826  
   133.500   0.00117600   0.00004848   0.00070400   0.00003752   0.00047600   0.00003085   2.47058824   0.18977530   0.00165200   0.00005747  
   134.500   0.00116800   0.00004832   0.00082200   0.00004064   0.00048000   0.00003098   2.43333333   0.18654313   0.00164800   0.00005740  
   135.500   0.00113400   0.00004761   0.00080400   0.00004009   0.00044000   0.00002966   2.57727273   0.20468030   0.00157400   0.00005609  
   136.500   0.00109600   0.00004681   0.00073200   0.00003826   0.00046200   0.00003039   2.37229437   0.18606746   0.00155800   0.00005581  
   137.500   0.00110600   0.00004710   0.00069400   0.00003725   0.00038600   0.00002778   2.86528497   0.23962770   0.00149200   0.00005469  
   138.500   0.00116600   0.00004828   0.00073000   0.00003820   0.00038800   0.00002785   3.00515464   0.24904565   0.00155400   0.00005574  
   139.500   0.00105800   0.00004599   0.00064000   0.00003577   0.00042200   0.00002905   2.50710900   0.20410541   0.00148000   0.00005439  
   140.500   0.00094800   0.00004353   0.00068000   0.00003687   0.00036000   0.00002683   2.63333333   0.23052212   0.00130800   0.00005114  
   141.500   0.00092200   0.00004293   0.00060800   0.00003487   0.00040200   0.00002835   2.29353234   0.19383159   0.00132400   0.00005145  
   142.500   0.00094200   0.00004339   0.00057800   0.00003400   0.00038400   0.00002771   2.45312500   0.21001781   0.00132600   0.00005149  
   143.500   0.00092600   0.00004302   0.00065200   0.00003611   0.00037600   0.00002757   2.46276596   0.21375848   0.00130200   0.00005110  
   144.500   0.00090400   0.00004251   0.00061600   0.00003509   0.00037000   0.00002720   2.44324324   0.21321823   0.00127400   0.00005047  
   145.500   0.00085600   0.00004146   0.00060200   0.00003469   0.00040800   0.00002856   2.09803922   0.17860867   0.00126400   0.00005035  
   146.500   0.00086600   0.00004161   0.00058800   0.00003429   0.00036200   0.00002690   2.39226519   0.21171656   0.00122800   0.00004955  
   147.500   0.00088000   0.00004194   0.00056400   0.00003358   0.00033200   0.00002577   2.65060241   0.24140606   0.00121200   0.00004923  
   148.500   0.00090600   0.00004256   0.00053000   0.00003255   0.00033800   0.00002600   2.68047337   0.24157988   0.00124400   0.00004987  
   149.500   0.00079400   0.00003984   0.00057000   0.00003376   0.00038400   0.00002771   2.06770833   0.18173762   0.00117800   0.00004853  
   150.500   0.00081800   0.00004054   0.00053800   0.00003280   0.00034800   0.00002638   2.35057471   0.21288045   0.00116600   0.00004837  
   151.500   0.00075400   0.00003883   0.00053400   0.00003268   0.00029400   0.00002425   2.56462585   0.24935287   0.00104800   0.00004577  
   152.500   0.00075400   0.00003883   0.00051200   0.00003200   0.00028000   0.00002366   2.69285714   0.26648916   0.00103400   0.00004547  
   153.500   0.00075000   0.00003872   0.00049800   0.00003156   0.00029000   0.00002408   2.58620690   0.25288313   0.00104000   0.00004560  
   154.500   0.00067200   0.00003676   0.00052200   0.00003231   0.00030600   0.00002474   2.19607843   0.21436080   0.00097800   0.00004431  
   155.500   0.00073000   0.00003820   0.00046000   0.00003033   0.00025600   0.00002263   2.85156250   0.29289623   0.00098600   0.00004440  
   156.500   0.00068200   0.00003693   0.00046600   0.00003053   0.00032200   0.00002538   2.11801242   0.20250825   0.00100400   0.00004480  
   157.500   0.00068800   0.00003709   0.00047600   0.00003085   0.00029200   0.00002416   2.35616438   0.23270379   0.00098000   0.00004427  
   158.500   0.00062600   0.00003538   0.00045400   0.00003013   0.00022800   0.00002135   2.74561404   0.30032572   0.00085400   0.00004132  
   159.500   0.00058600   0.00003423   0.00047600   0.00003085   0.00025200   0.00002245   2.32539683   0.24771181   0.00083800   0.00004093  
   160.500   0.00063200   0.00003555   0.00042400   0.00002912   0.00027400   0.00002341   2.30656934   0.23592301   0.00090600   0.00004256  
   161.500   0.00061000   0.00003492   0.00045800   0.00003026   0.00029800   0.00002441   2.04697987   0.20457614   0.00090800   0.00004261  
   162.500   0.00053400   0.00003268   0.00038000   0.00002757   0.00026000   0.00002280   2.05384615   0.21963315   0.00079400   0.00003985  
   163.500   0.00048200   0.00003104   0.00038400   0.00002771   0.00023400   0.00002163   2.05982906   0.23207962   0.00071600   0.00003784  
   164.500   0.00052600   0.00003243   0.00043000   0.00002932   0.00027000   0.00002324   1.94814815   0.20624338   0.00079600   0.00003990  
   165.500   0.00053000   0.00003255   0.00034000   0.00002607   0.00024000   0.00002191   2.20833333   0.24296603   0.00077000   0.00003924  
   166.500   0.00054000   0.00003286   0.00039000   0.00002793   0.00023200   0.00002154   2.32758621   0.25837668   0.00077200   0.00003929  
   167.500   0.00051200   0.00003200   0.00036400   0.00002698   0.00025000   0.00002236   2.04800000   0.22345031   0.00076200   0.00003903  
   168.500   0.00047200   0.00003072   0.00034400   0.00002623   0.00026600   0.00002306   1.77443609   0.19237772   0.00073800   0.00003841  
   169.500   0.00048800   0.00003124   0.00033200   0.00002577   0.00019000   0.00001949   2.56842105   0.31058440   0.00067800   0.00003682  
   170.500   0.00045400   0.00003013   0.00035000   0.00002646   0.00022800   0.00002135   1.99122807   0.22855981   0.00068200   0.00003693  
   171.500   0.00045600   0.00003020   0.00033200   0.00002577   0.00021600   0.00002078   2.11111111   0.24658667   0.00067200   0.00003666  
   172.500   0.00040600   0.00002849   0.00031800   0.00002522   0.00024200   0.00002200   1.67768595   0.19266798   0.00064800   0.00003600  
   173.500   0.00044600   0.00002986   0.00031000   0.00002490   0.00017200   0.00001855   2.59302326   0.32912209   0.00061800   0.00003515  
   174.500   0.00036800   0.00002713   0.00031000   0.00002490   0.00020600   0.00002030   1.78640777   0.21981907   0.00057400   0.00003388  
   175.500   0.00042000   0.00002898   0.00029800   0.00002441   0.00020800   0.00002040   2.01923077   0.24209971   0.00062800   0.00003544  
   176.500   0.00037600   0.00002742   0.00032800   0.00002561   0.00019400   0.00001970   1.93814433   0.24227912   0.00057000   0.00003376  
   177.500   0.00045000   0.00003000   0.00032800   0.00002561   0.00018600   0.00001929   2.41935484   0.29823034   0.00063600   0.00003566  
   178.500   0.00039400   0.00002807   0.00027600   0.00002349   0.00015400   0.00001755   2.55844156   0.34383356   0.00054800   0.00003310  
   179.500   0.00037800   0.00002749   0.00027000   0.00002324   0.00021200   0.00002059   1.78301887   0.21634836   0.00059000   0.00003435  
   180.500   0.00034200   0.00002615   0.00022200   0.00002107   0.00020000   0.00002000   1.71000000   0.21525602   0.00054200   0.00003292  
   181.500   0.00031800   0.00002522   0.00030200   0.00002457   0.00018800   0.00001939   1.69148936   0.22006015   0.00050600   0.00003181  
   182.500   0.00036400   0.00002698   0.00021400   0.00002069   0.00015800   0.00001778   2.30379747   0.31037833   0.00052200   0.00003231  
   183.500   0.00038200   0.00002764   0.00024400   0.00002209   0.00018400   0.00001918   2.07608696   0.26345181   0.00056600   0.00003364  
   184.500   0.00030600   0.00002474   0.00021000   0.00002049   0.00016200   0.00001800   1.88888889   0.25953929   0.00046800   0.00003059  
   185.500   0.00030000   0.00002466   0.00023200   0.00002154   0.00015800   0.00001778   1.89873418   0.26454337   0.00045800   0.00003040  
   186.500   0.00032600   0.00002553   0.00024200   0.00002200   0.00017200   0.00001855   1.89534884   0.25259301   0.00049800   0.00003156  
   187.500   0.00033400   0.00002584   0.00024200   0.00002200   0.00013600   0.00001649   2.45588235   0.35327085   0.00047000   0.00003066  
   188.500   0.00030800   0.00002482   0.00019000   0.00001949   0.00013800   0.00001661   2.23188406   0.32330950   0.00044600   0.00002986  
   189.500   0.00025200   0.00002245   0.00020600   0.00002030   0.00013800   0.00001661   1.82608696   0.27346993   0.00039000   0.00002793  
   190.500   0.00030200   0.00002457   0.00018400   0.00001918   0.00013800   0.00001661   2.18840580   0.31798424   0.00044000   0.00002966  
   191.500   0.00027600   0.00002349   0.00022800   0.00002135   0.00017200   0.00001855   1.60465116   0.22044124   0.00044800   0.00002993  
   192.500   0.00027400   0.00002341   0.00022400   0.00002116   0.00013200   0.00001625   2.07575758   0.31100907   0.00040600   0.00002849  
   193.500   0.00028400   0.00002383   0.00018400   0.00001918   0.00012800   0.00001600   2.21875000   0.33403245   0.00041200   0.00002870  
   194.500   0.00026400   0.00002298   0.00020000   0.00002000   0.00010800   0.00001470   2.44444444   0.39485365   0.00037200   0.00002727  
   195.500   0.00027800   0.00002375   0.00018400   0.00001918   0.00016000   0.00001789   1.73750000   0.24446173   0.00043800   0.00002973  
   196.500   0.00021600   0.00002078   0.00019800   0.00001990   0.00010400   0.00001442   2.07692308   0.35055132   0.00032000   0.00002530  
   197.500   0.00021800   0.00002088   0.00019400   0.00001970   0.00014400   0.00001697   1.51388889   0.22989787   0.00036200   0.00002691  
   198.500   0.00026200   0.00002289   0.00019000   0.00001949   0.00012000   0.00001549   2.18333333   0.34033575   0.00038200   0.00002764  
   199.500   0.00021400   0.00002069   0.00018400   0.00001918   0.00009000   0.00001342   2.37777778   0.42245568   0.00030400   0.00002466  
   200.500   0.00020400   0.00002020   0.00017200   0.00001855   0.00010000   0.00001414   2.04000000   0.35216996   0.00030400   0.00002466  
   201.500   0.00022000   0.00002098   0.00015000   0.00001732   0.00012600   0.00001587   1.74603175   0.27586156   0.00034600   0.00002630  
   202.500   0.00019000   0.00001949   0.00015200   0.00001743   0.00007600   0.00001233   2.50000000   0.47984440   0.00026600   0.00002306  
   203.500   0.00018000   0.00001897   0.00017800   0.00001887   0.00013400   0.00001637   1.34328358   0.21674157   0.00031400   0.00002506  
   204.500   0.00021400   0.00002069   0.00015400   0.00001755   0.00011200   0.00001497   1.91071429   0.31512850   0.00032600   0.00002553  
   205.500   0.00018800   0.00001939   0.00012600   0.00001587   0.00010400   0.00001442   1.80769231   0.31240703   0.00029200   0.00002417  
   206.500   0.00021400   0.00002069   0.00011800   0.00001536   0.00010000   0.00001414   2.14000000   0.36658264   0.00031400   0.00002506  
   207.500   0.00019800   0.00001990   0.00014400   0.00001697   0.00011000   0.00001483   1.80000000   0.30270428   0.00030800   0.00002482  
   208.500   0.00017800   0.00001887   0.00012000   0.00001549   0.00010400   0.00001442   1.71153846   0.29873444   0.00028200   0.00002375  
   209.500   0.00016600   0.00001822   0.00016600   0.00001822   0.00008600   0.00001311   1.93023256   0.36266808   0.00025200   0.00002245  
   210.500   0.00014800   0.00001720   0.00013000   0.00001612   0.00009800   0.00001400   1.51020408   0.27813875   0.00024600   0.00002218  
   211.500   0.00014400   0.00001697   0.00011200   0.00001497   0.00011000   0.00001483   1.30909091   0.23442857   0.00025400   0.00002254  
   212.500   0.00017200   0.00001855   0.00012800   0.00001600   0.00006400   0.00001131   2.68750000   0.55648712   0.00023600   0.00002172  
   213.500   0.00015800   0.00001778   0.00010600   0.00001456   0.00009800   0.00001400   1.61224490   0.29316443   0.00025600   0.00002263  
   214.500   0.00014400   0.00001697   0.00010400   0.00001442   0.00006400   0.00001131   2.25000000   0.47802246   0.00020800   0.00002040  
   215.500   0.00014600   0.00001709   0.00011400   0.00001510   0.00007800   0.00001249   1.87179487   0.37124660   0.00022400   0.00002117  
   216.500   0.00017600   0.00001876   0.00010200   0.00001428   0.00006800   0.00001166   2.58823529   0.52262747   0.00024400   0.00002209  
   217.500   0.00011200   0.00001497   0.00008200   0.00001281   0.00007400   0.00001217   1.51351351   0.32064408   0.00018600   0.00001929  
   218.500   0.00012200   0.00001562   0.00012800   0.00001600   0.00005800   0.00001077   2.10344828   0.47443926   0.00018000   0.00001897  
   219.500   0.00014600   0.00001709   0.00010000   0.00001414   0.00007400   0.00001217   1.97297297   0.39814798   0.00022000   0.00002098  
   220.500   0.00013400   0.00001637   0.00011800   0.00001536   0.00005800   0.00001077   2.31034483   0.51353166   0.00019200   0.00001960  
   221.500   0.00013000   0.00001612   0.00011800   0.00001536   0.00006600   0.00001149   1.96969697   0.42100698   0.00019600   0.00001980  
   222.500   0.00011200   0.00001497   0.00011000   0.00001483   0.00008400   0.00001296   1.33333333   0.27215900   0.00019600   0.00001980  
   223.500   0.00009800   0.00001400   0.00011000   0.00001483   0.00008000   0.00001265   1.22500000   0.26103184   0.00017800   0.00001887  
   224.500   0.00011800   0.00001536   0.00009200   0.00001356   0.00006200   0.00001114   1.90322581   0.42217829   0.00018000   0.00001897  
   225.500   0.00011200   0.00001497   0.00010800   0.00001470   0.00007800   0.00001249   1.43589744   0.29946697   0.00019000   0.00001949  
   226.500   0.00013200   0.00001625   0.00009800   0.00001400   0.00004200   0.00000917   3.14285714   0.78740059   0.00017400   0.00001865  
   227.500   0.00011400   0.00001510   0.00005600   0.00001058   0.00005200   0.00001020   2.19230769   0.51881043   0.00016600   0.00001822  
   228.500   0.00009600   0.00001386   0.00009400   0.00001371   0.00006600   0.00001149   1.45454545   0.32891503   0.00016200   0.00001800  
   229.500   0.00010600   0.00001456   0.00009000   0.00001342   0.00006600   0.00001149   1.60606061   0.35612907   0.00017200   0.00001855  
   230.500   0.00012000   0.00001549   0.00007800   0.00001249   0.00007800   0.00001249   1.53846154   0.31643612   0.00019800   0.00001990  
   231.500   0.00007400   0.00001217   0.00008000   0.00001265   0.00006800   0.00001166   1.08823529   0.25852585   0.00014200   0.00001685  
   232.500   0.00008800   0.00001327   0.00006200   0.00001114   0.00004600   0.00000959   1.91304348   0.49222700   0.00013400   0.00001637  
   233.500   0.00008000   0.00001265   0.00006600   0.00001149   0.00004200   0.00000917   1.90476190   0.51328667   0.00012200   0.00001562  
   234.500   0.00009400   0.00001371   0.00005600   0.00001058   0.00002800   0.00000748   3.35714286   1.02215581   0.00012200   0.00001562  
   235.500   0.00007200   0.00001200   0.00005600   0.00001058   0.00004000   0.00000894   1.80000000   0.50198956   0.00011200   0.00001497  
   236.500   0.00009000   0.00001342   0.00006600   0.00001149   0.00004800   0.00000980   1.87500000   0.47392230   0.00013800   0.00001661  
   237.500   0.00007200   0.00001200   0.00005800   0.00001077   0.00004200   0.00000917   1.71428571   0.47071059   0.00011400   0.00001510  
   238.500   0.00008600   0.00001311   0.00005400   0.00001039   0.00004400   0.00000938   1.95454545   0.51233092   0.00013000   0.00001612  
   239.500   0.00007400   0.00001217   0.00007400   0.00001217   0.00004800   0.00000980   1.54166667   0.40405696   0.00012200   0.00001562  
   240.500   0.00008600   0.00001311   0.00006200   0.00001114   0.00004200   0.00000917   2.04761905   0.54511626   0.00012800   0.00001600  
   241.500   0.00008600   0.00001311   0.00006600   0.00001149   0.00005800   0.00001077   1.48275862   0.35628370   0.00014400   0.00001697  
   242.500   0.00005600   0.00001058   0.00005000   0.00001000   0.00004200   0.00000917   1.33333333   0.38489556   0.00009800   0.00001400  
   243.500   0.00006800   0.00001166   0.00006200   0.00001114   0.00004400   0.00000938   1.54545455   0.42285711   0.00011200   0.00001497  
   244.500   0.00007800   0.00001249   0.00005600   0.00001058   0.00004000   0.00000894   1.95000000   0.53629972   0.00011800   0.00001536  
   245.500   0.00005400   0.00001039   0.00007800   0.00001249   0.00003600   0.00000849   1.50000000   0.45643055   0.00009000   0.00001342  
   246.500   0.00007400   0.00001217   0.00005600   0.00001058   0.00003400   0.00000825   2.17647059   0.63770423   0.00010800   0.00001470  
   247.500   0.00006200   0.00001114   0.00004400   0.00000938   0.00003800   0.00000872   1.63157895   0.47536841   0.00010000   0.00001414  
   248.500   0.00008400   0.00001296   0.00004200   0.00000917   0.00004000   0.00000894   2.10000000   0.57051834   0.00012400   0.00001575  
   249.500   0.00005400   0.00001039   0.00005200   0.00001020   0.00003800   0.00000872   1.42105263   0.42552547   0.00009200   0.00001356  
   250.500   0.00006800   0.00001166   0.00004800   0.00000980   0.00002800   0.00000748   2.42857143   0.77119412   0.00009600   0.00001386  
   251.500   0.00004200   0.00000917   0.00004800   0.00000980   0.00003200   0.00000800   1.31250000   0.43553854   0.00007400   0.00001217  
   252.500   0.00006400   0.00001131   0.00004400   0.00000938   0.00002600   0.00000721   2.46153846   0.80958453   0.00009000   0.00001342  
   253.500   0.00004400   0.00000938   0.00003600   0.00000849   0.00003000   0.00000775   1.46666667   0.49110169   0.00007400   0.00001217  
   254.500   0.00004400   0.00000938   0.00003800   0.00000872   0.00003200   0.00000800   1.37500000   0.45177182   0.00007600   0.00001233  
   255.500   0.00005200   0.00001020   0.00003800   0.00000872   0.00003200   0.00000800   1.62500000   0.51632963   0.00008400   0.00001296  
   256.500   0.00006400   0.00001131   0.00003400   0.00000825   0.00003200   0.00000800   2.00000000   0.61236591   0.00009600   0.00001386  
   257.500   0.00004600   0.00000959   0.00004000   0.00000894   0.00003600   0.00000849   1.27777778   0.40210800   0.00008200   0.00001281  
   258.500   0.00005200   0.00001020   0.00003400   0.00000825   0.00002200   0.00000663   2.36363636   0.85014921   0.00007400   0.00001217  
   259.500   0.00004400   0.00000938   0.00004600   0.00000959   0.00004400   0.00000938   1.00000000   0.30150801   0.00008800   0.00001327  
   260.500   0.00005400   0.00001039   0.00003000   0.00000775   0.00002000   0.00000632   2.70000000   0.99949260   0.00007400   0.00001217  
   261.500   0.00004400   0.00000938   0.00003200   0.00000800   0.00003200   0.00000800   1.37500000   0.45177182   0.00007600   0.00001233  
   262.500   0.00005600   0.00001058   0.00003000   0.00000775   0.00002400   0.00000693   2.33333333   0.80506971   0.00008000   0.00001265  
   263.500   0.00004200   0.00000917   0.00003200   0.00000800   0.00002200   0.00000663   1.90909091   0.71054646   0.00006400   0.00001131  
   264.500   0.00003600   0.00000849   0.00003400   0.00000825   0.00002000   0.00000632   1.80000000   0.70992503   0.00005600   0.00001058  
   265.500   0.00003800   0.00000872   0.00004200   0.00000917   0.00002400   0.00000693   1.58333333   0.58382484   0.00006200   0.00001114  
   266.500   0.00003800   0.00000872   0.00004600   0.00000959   0.00002200   0.00000663   1.72727273   0.65440314   0.00006000   0.00001095  
   267.500   0.00003600   0.00000849   0.00004000   0.00000894   0.00001800   0.00000600   2.00000000   0.81649167   0.00005400   0.00001039  
   268.500   0.00004200   0.00000917   0.00004200   0.00000917   0.00001800   0.00000600   2.33333333   0.92961638   0.00006000   0.00001095  
   269.500   0.00004400   0.00000938   0.00004400   0.00000938   0.00002200   0.00000663   2.00000000   0.73854351   0.00006600   0.00001149  
   270.500   0.00003000   0.00000775   0.00003000   0.00000775   0.00000800   0.00000400   3.75000000   2.11023611   0.00003800   0.00000872  
   271.500   0.00004000   0.00000894   0.00002200   0.00000663   0.00003000   0.00000775   1.33333333   0.45541612   0.00007000   0.00001183  
   272.500   0.00002400   0.00000693   0.00003000   0.00000775   0.00001400   0.00000529   1.71428571   0.81530189   0.00003800   0.00000872  
   273.500   0.00003400   0.00000825   0.00003600   0.00000849   0.00003000   0.00000775   1.13333333   0.40147554   0.00006400   0.00001131  
   274.500   0.00002200   0.00000663   0.00001800   0.00000600   0.00001600   0.00000566   1.37500000   0.63890481   0.00003800   0.00000872  
   275.500   0.00003200   0.00000800   0.00002000   0.00000632   0.00002000   0.00000632   1.60000000   0.64497665   0.00005200   0.00001020  
   276.500   0.00002000   0.00000632   0.00003200   0.00000800   0.00002200   0.00000663   0.90909091   0.39720833   0.00004200   0.00000917  
   277.500   0.00005600   0.00001058   0.00003200   0.00000800   0.00001200   0.00000490   4.66666667   2.09937221   0.00006800   0.00001166  
   278.500   0.00002000   0.00000632   0.00002800   0.00000748   0.00001000   0.00000447   2.00000000   1.09544149   0.00003000   0.00000775  
   279.500   0.00002600   0.00000721   0.00003200   0.00000800   0.00001200   0.00000490   2.16666667   1.06934984   0.00003800   0.00000872  
   280.500   0.00003800   0.00000872   0.00002800   0.00000748   0.00002000   0.00000632   1.90000000   0.74228889   0.00005800   0.00001077  
   281.500   0.00001800   0.00000600   0.00001400   0.00000529   0.00002400   0.00000693   0.75000000   0.33071721   0.00004200   0.00000917  
   282.500   0.00001800   0.00000600   0.00001800   0.00000600   0.00001800   0.00000600   1.00000000   0.47140239   0.00003600   0.00000849  
   283.500   0.00002600   0.00000721   0.00001800   0.00000600   0.00001800   0.00000600   1.44444444   0.62634979   0.00004400   0.00000938  
   284.500   0.00002000   0.00000632   0.00002200   0.00000663   0.00001200   0.00000490   1.66666667   0.86065972   0.00003200   0.00000800  
   285.500   0.00002400   0.00000693   0.00001800   0.00000600   0.00001600   0.00000566   1.50000000   0.68464991   0.00004000   0.00000894  
   286.500   0.00002800   0.00000748   0.00001400   0.00000529   0.00001200   0.00000490   2.33333333   1.13854528   0.00004000   0.00000894  
   287.500   0.00002600   0.00000721   0.00001200   0.00000490   0.00000800   0.00000400   3.25000000   1.85825291   0.00003400   0.00000825  
   288.500   0.00002600   0.00000721   0.00001800   0.00000600   0.00001600   0.00000566   1.62500000   0.73020397   0.00004200   0.00000917  
   289.500   0.00002200   0.00000663   0.00001000   0.00000447   0.00002200   0.00000663   1.00000000   0.42639908   0.00004400   0.00000938  
   290.500   0.00001800   0.00000600   0.00003400   0.00000825   0.00001000   0.00000447   1.80000000   1.00398883   0.00002800   0.00000748  
   291.500   0.00001600   0.00000566   0.00002000   0.00000632   0.00001600   0.00000566   1.00000000   0.49999800   0.00003200   0.00000800  
   292.500   0.00002200   0.00000663   0.00001600   0.00000566   0.00001600   0.00000566   1.37500000   0.63890481   0.00003800   0.00000872  
   293.500   0.00002800   0.00000748   0.00001800   0.00000600   0.00001000   0.00000447   2.80000000   1.45876119   0.00003800   0.00000872  
   294.500   0.00001400   0.00000529   0.00001200   0.00000490   0.00000600   0.00000346   2.33333333   1.61014965   0.00002000   0.00000632  
   295.500   0.00001000   0.00000447   0.00001200   0.00000490   0.00000400   0.00000283   2.50000000   2.09164702   0.00001400   0.00000529  
   296.500   0.00001800   0.00000600   0.00001400   0.00000529   0.00001200   0.00000490   1.50000000   0.79056655   0.00003000   0.00000775  
   297.500   0.00002200   0.00000663   0.00001200   0.00000490   0.00001600   0.00000566   1.37500000   0.63890481   0.00003800   0.00000872  
   298.500   0.00001000   0.00000447   0.00001400   0.00000529   0.00000800   0.00000400   1.25000000   0.83852362   0.00001800   0.00000600  
   299.500   0.00001800   0.00000600   0.00001400   0.00000529   0.00000600   0.00000346   3.00000000   1.99999551   0.00002400   0.00000693  
