     0.500   0.00214682   0.00006550   0.00028211   0.00002376   0.00018207   0.00001909  11.79120879   1.28729417   0.00232889   0.00006823  
     1.500   0.00367140   0.00008577   0.00045417   0.00003014   0.00033613   0.00002608  10.92261905   0.88520283   0.00400753   0.00008965  
     2.500   0.00451772   0.00009509   0.00072228   0.00003801   0.00040816   0.00002857  11.06862745   0.80914673   0.00492588   0.00009929  
     3.500   0.00511195   0.00010108   0.00079430   0.00003986   0.00050819   0.00003188  10.05905512   0.66168469   0.00562014   0.00010599  
     4.500   0.00558413   0.00010563   0.00088434   0.00004205   0.00050619   0.00003182  11.03162055   0.72417999   0.00609032   0.00011032  
     5.500   0.00589625   0.00010853   0.00101839   0.00004513   0.00052620   0.00003244  11.20532319   0.72098825   0.00642245   0.00011327  
     6.500   0.00601829   0.00010979   0.00112843   0.00004759   0.00056021   0.00003347  10.74285714   0.67116647   0.00657851   0.00011478  
     7.500   0.00644846   0.00011369   0.00116845   0.00004842   0.00056221   0.00003353  11.46975089   0.71338978   0.00701067   0.00011853  
     8.500   0.00648447   0.00011393   0.00138053   0.00005254   0.00067026   0.00003661   9.67462687   0.55515525   0.00715473   0.00011967  
     9.500   0.00682060   0.00011672   0.00157260   0.00005607   0.00071627   0.00003785   9.52234637   0.52891064   0.00753687   0.00012270  
    10.500   0.00662052   0.00011532   0.00177268   0.00005953   0.00069827   0.00003748   9.48137536   0.53501738   0.00731879   0.00012126  
    11.500   0.00665654   0.00011532   0.00189072   0.00006148   0.00072428   0.00003806   9.19060773   0.50852746   0.00738081   0.00012143  
    12.500   0.00700067   0.00011831   0.00186871   0.00006112   0.00071427   0.00003780   9.80112045   0.54444608   0.00771494   0.00012420  
    13.500   0.00735480   0.00012131   0.00201077   0.00006346   0.00075829   0.00003894   9.69920844   0.52318151   0.00811309   0.00012741  
    14.500   0.00712672   0.00011933   0.00212281   0.00006514   0.00077229   0.00003930   9.22797927   0.49436867   0.00789901   0.00012564  
    15.500   0.00723676   0.00012031   0.00238091   0.00006898   0.00089234   0.00004224   8.10986547   0.40691333   0.00812910   0.00012751  
    16.500   0.00734080   0.00012133   0.00242692   0.00006976   0.00080631   0.00004016   9.10421836   0.47773966   0.00814710   0.00012780  
    17.500   0.00757889   0.00012310   0.00265901   0.00007289   0.00082031   0.00004060   9.23902439   0.48129458   0.00839920   0.00012963  
    18.500   0.00763691   0.00012370   0.00271503   0.00007365   0.00084032   0.00004099   9.08809524   0.46715906   0.00847723   0.00013031  
    19.500   0.00782298   0.00012499   0.00282308   0.00007521   0.00091235   0.00004271   8.57456140   0.42418169   0.00873533   0.00013209  
    20.500   0.00775095   0.00012464   0.00294712   0.00007678   0.00095036   0.00004360   8.15578947   0.39644683   0.00870132   0.00013205  
    21.500   0.00778497   0.00012478   0.00307717   0.00007846   0.00091635   0.00004281   8.49563319   0.41959599   0.00870132   0.00013192  
    22.500   0.00789701   0.00012570   0.00309518   0.00007868   0.00090434   0.00004253   8.73230088   0.43352797   0.00880135   0.00013270  
    23.500   0.00795103   0.00012604   0.00331126   0.00008138   0.00092235   0.00004295   8.62039046   0.42402030   0.00887338   0.00013315  
    24.500   0.00797704   0.00012640   0.00337529   0.00008211   0.00094236   0.00004341   8.46496815   0.41237647   0.00891940   0.00013365  
    25.500   0.00834118   0.00012916   0.00335728   0.00008194   0.00103039   0.00004548   8.09514563   0.37866541   0.00937157   0.00013694  
    26.500   0.00815511   0.00012779   0.00351334   0.00008377   0.00097437   0.00004423   8.36960986   0.40194720   0.00912948   0.00013523  
    27.500   0.00835918   0.00012939   0.00337329   0.00008213   0.00099638   0.00004464   8.38955823   0.39765452   0.00935556   0.00013688  
    28.500   0.00833117   0.00012893   0.00349133   0.00008360   0.00110842   0.00004708   7.51624549   0.33977696   0.00943960   0.00013726  
    29.500   0.00871332   0.00013199   0.00356536   0.00008453   0.00113843   0.00004771   7.65377856   0.34108151   0.00985175   0.00014035  
    30.500   0.00856126   0.00013078   0.00356936   0.00008448   0.00105240   0.00004587   8.13498099   0.37575289   0.00961366   0.00013859  
    31.500   0.00857727   0.00013099   0.00349333   0.00008367   0.00108641   0.00004661   7.89502762   0.35953704   0.00966368   0.00013904  
    32.500   0.00872332   0.00013203   0.00352534   0.00008391   0.00115844   0.00004813   7.53022453   0.33296958   0.00988176   0.00014053  
    33.500   0.00894141   0.00013366   0.00360537   0.00008504   0.00120846   0.00004916   7.39900662   0.32065053   0.01014987   0.00014242  
    34.500   0.00858127   0.00013093   0.00362938   0.00008518   0.00107841   0.00004644   7.95732839   0.36352834   0.00965968   0.00013892  
    35.500   0.00878135   0.00013244   0.00375743   0.00008662   0.00118245   0.00004863   7.42639594   0.32528224   0.00996380   0.00014108  
    36.500   0.00879535   0.00013254   0.00358136   0.00008457   0.00121446   0.00004928   7.24217463   0.31347377   0.01000981   0.00014141  
    37.500   0.00859327   0.00013108   0.00378344   0.00008701   0.00125848   0.00005016   6.82829889   0.29142686   0.00985175   0.00014036  
    38.500   0.00912748   0.00013509   0.00362138   0.00008509   0.00118645   0.00004887   7.69308600   0.33672364   0.01031393   0.00014366  
    39.500   0.00855526   0.00013089   0.00365739   0.00008556   0.00129049   0.00005080   6.62945736   0.27996830   0.00984575   0.00014040  
    40.500   0.00862128   0.00013127   0.00359737   0.00008490   0.00119646   0.00004891   7.20568562   0.31434190   0.00981774   0.00014008  
    41.500   0.00844122   0.00012993   0.00370541   0.00008612   0.00124247   0.00005000   6.79388084   0.29273661   0.00968369   0.00013922  
    42.500   0.00831117   0.00012899   0.00357136   0.00008446   0.00113043   0.00004754   7.35221239   0.32960566   0.00944160   0.00013748  
    43.500   0.00832717   0.00012896   0.00355535   0.00008441   0.00118045   0.00004867   7.05423729   0.31066740   0.00950762   0.00013784  
    44.500   0.00822914   0.00012833   0.00354135   0.00008415   0.00125248   0.00005004   6.57028754   0.28180629   0.00948161   0.00013774  
    45.500   0.00815511   0.00012773   0.00354935   0.00008424   0.00135051   0.00005196   6.03851852   0.25085539   0.00950562   0.00013789  
    46.500   0.00809108   0.00012701   0.00351734   0.00008391   0.00126048   0.00005020   6.41904762   0.27479996   0.00935156   0.00013657  
    47.500   0.00798304   0.00012641   0.00371542   0.00008623   0.00131450   0.00005127   6.07305936   0.25563370   0.00929754   0.00013641  
    48.500   0.00785299   0.00012558   0.00349133   0.00008360   0.00127649   0.00005060   6.15203762   0.26296166   0.00912948   0.00013539  
    49.500   0.00760490   0.00012328   0.00336128   0.00008194   0.00133051   0.00005158   5.71578947   0.24016788   0.00893540   0.00013363  
    50.500   0.00758689   0.00012310   0.00325924   0.00008069   0.00126248   0.00005024   6.00950872   0.25827290   0.00884937   0.00013296  
    51.500   0.00728878   0.00012077   0.00331526   0.00008138   0.00138053   0.00005254   5.27971014   0.21914477   0.00866930   0.00013170  
    52.500   0.00740082   0.00012176   0.00329526   0.00008123   0.00132651   0.00005150   5.57918552   0.23525076   0.00872733   0.00013220  
    53.500   0.00695465   0.00011799   0.00340330   0.00008250   0.00132851   0.00005154   5.23493976   0.22165931   0.00828316   0.00012876  
    54.500   0.00699667   0.00011838   0.00339729   0.00008237   0.00126448   0.00005028   5.53322785   0.23911903   0.00826115   0.00012862  
    55.500   0.00706069   0.00011878   0.00321923   0.00008024   0.00130850   0.00005115   5.39602446   0.22963619   0.00836919   0.00012933  
    56.500   0.00665253   0.00011532   0.00330726   0.00008133   0.00128049   0.00005060   5.19531250   0.22418088   0.00793302   0.00012593  
    57.500   0.00615434   0.00011079   0.00326724   0.00008084   0.00128849   0.00005076   4.77639752   0.20687326   0.00744284   0.00012187  
    58.500   0.00651048   0.00011416   0.00313319   0.00007932   0.00135051   0.00005196   4.82074074   0.20383972   0.00786100   0.00012543  
    59.500   0.00639444   0.00011303   0.00304716   0.00007802   0.00126848   0.00005036   5.04100946   0.21908189   0.00766292   0.00012375  
    60.500   0.00610433   0.00011060   0.00303716   0.00007794   0.00124247   0.00004984   4.91304348   0.21626158   0.00734680   0.00012131  
    61.500   0.00602029   0.00010973   0.00304316   0.00007797   0.00127449   0.00005048   4.72370487   0.20595992   0.00729478   0.00012079  
    62.500   0.00615234   0.00011092   0.00304316   0.00007802   0.00129249   0.00005084   4.76006192   0.20595376   0.00744484   0.00012202  
    63.500   0.00580821   0.00010787   0.00306317   0.00007828   0.00118445   0.00004867   4.90371622   0.22110724   0.00699266   0.00011834  
    64.500   0.00573018   0.00010699   0.00277906   0.00007457   0.00121846   0.00004936   4.70279146   0.20977219   0.00694865   0.00011783  
    65.500   0.00581622   0.00010787   0.00277706   0.00007454   0.00128049   0.00005060   4.54218750   0.19827276   0.00709670   0.00011914  
    66.500   0.00557012   0.00010553   0.00280507   0.00007508   0.00125648   0.00005012   4.43312102   0.19577767   0.00682660   0.00011683  
    67.500   0.00535404   0.00010336   0.00277106   0.00007457   0.00125048   0.00005000   4.28160000   0.19011902   0.00660452   0.00011482  
    68.500   0.00524200   0.00010235   0.00273704   0.00007406   0.00118845   0.00004875   4.41077441   0.20037556   0.00643045   0.00011337  
    69.500   0.00515797   0.00010157   0.00281107   0.00007494   0.00126448   0.00005028   4.07911392   0.18100781   0.00642245   0.00011334  
    70.500   0.00508194   0.00010083   0.00253697   0.00007120   0.00120246   0.00004903   4.22628952   0.19165763   0.00628439   0.00011212  
    71.500   0.00501591   0.00010037   0.00254897   0.00007142   0.00120446   0.00004908   4.16445183   0.18903849   0.00622037   0.00011173  
    72.500   0.00481984   0.00009820   0.00264101   0.00007270   0.00126048   0.00005020   3.82380952   0.17106772   0.00608032   0.00011029  
    73.500   0.00475781   0.00009753   0.00249495   0.00007067   0.00121246   0.00004924   3.92409241   0.17850924   0.00597027   0.00010926  
    74.500   0.00466178   0.00009646   0.00272904   0.00007390   0.00116444   0.00004825   4.00343643   0.18543289   0.00582622   0.00010786  
    75.500   0.00464977   0.00009642   0.00241892   0.00006953   0.00107841   0.00004644   4.31168831   0.20607525   0.00572818   0.00010702  
    76.500   0.00463577   0.00009632   0.00229688   0.00006775   0.00110642   0.00004704   4.18987342   0.19825796   0.00574219   0.00010719  
    77.500   0.00434566   0.00009323   0.00220284   0.00006635   0.00116044   0.00004817   3.74482759   0.17498367   0.00550610   0.00010494  
    78.500   0.00416959   0.00009133   0.00240492   0.00006932   0.00108241   0.00004652   3.85212569   0.18583045   0.00525200   0.00010250  
    79.500   0.00417559   0.00009148   0.00229087   0.00006766   0.00104240   0.00004566   4.00575816   0.19617496   0.00521799   0.00010224  
    80.500   0.00409956   0.00009065   0.00216082   0.00006572   0.00108041   0.00004648   3.79444444   0.18354287   0.00517997   0.00010187  
    81.500   0.00403754   0.00008983   0.00211481   0.00006507   0.00111843   0.00004729   3.61001789   0.17248706   0.00515596   0.00010152  
    82.500   0.00382146   0.00008740   0.00204278   0.00006390   0.00103039   0.00004539   3.70873786   0.18409150   0.00485185   0.00009849  
    83.500   0.00393150   0.00008865   0.00218683   0.00006611   0.00101239   0.00004499   3.88339921   0.19353623   0.00494388   0.00009941  
    84.500   0.00365939   0.00008563   0.00211881   0.00006507   0.00110042   0.00004691   3.32545455   0.16171155   0.00475981   0.00009764  
    85.500   0.00351534   0.00008379   0.00204278   0.00006390   0.00098838   0.00004446   3.55668016   0.18105713   0.00450372   0.00009486  
    86.500   0.00358337   0.00008469   0.00197275   0.00006279   0.00098638   0.00004441   3.63286004   0.18474053   0.00456974   0.00009563  
    87.500   0.00343931   0.00008298   0.00188872   0.00006144   0.00094036   0.00004337   3.65744681   0.19035407   0.00437967   0.00009363  
    88.500   0.00338729   0.00008230   0.00183870   0.00006063   0.00100838   0.00004491   3.35912698   0.17040714   0.00439567   0.00009376  
    89.500   0.00331526   0.00008147   0.00190072   0.00006170   0.00101839   0.00004522   3.25540275   0.16520366   0.00433365   0.00009318  
    90.500   0.00325924   0.00008074   0.00178868   0.00005986   0.00095436   0.00004369   3.41509434   0.17775106   0.00421361   0.00009180  
    91.500   0.00324724   0.00008054   0.00180269   0.00006003   0.00088234   0.00004201   3.68027211   0.19756296   0.00412957   0.00009083  
    92.500   0.00299314   0.00007738   0.00186871   0.00006112   0.00100238   0.00004477   2.98602794   0.15410190   0.00399552   0.00008940  
    93.500   0.00292111   0.00007650   0.00169264   0.00005824   0.00085032   0.00004124   3.43529412   0.18933889   0.00377144   0.00008691  
    94.500   0.00305716   0.00007820   0.00166663   0.00005772   0.00087233   0.00004177   3.50458716   0.19024725   0.00392950   0.00008866  
    95.500   0.00299514   0.00007741   0.00170465   0.00005838   0.00089034   0.00004220   3.36404494   0.18159878   0.00388548   0.00008816  
    96.500   0.00274905   0.00007417   0.00164463   0.00005748   0.00088034   0.00004196   3.12272727   0.17102707   0.00362938   0.00008521  
    97.500   0.00276305   0.00007435   0.00161662   0.00005692   0.00091635   0.00004290   3.01528384   0.16282816   0.00367940   0.00008584  
    98.500   0.00266301   0.00007294   0.00168864   0.00005817   0.00086033   0.00004148   3.09534884   0.17164248   0.00352334   0.00008391  
    99.500   0.00255297   0.00007148   0.00161061   0.00005674   0.00086033   0.00004148   2.96744186   0.16544674   0.00341330   0.00008264  
   100.500   0.00246694   0.00007021   0.00150857   0.00005499   0.00085633   0.00004138   2.88084112   0.16157070   0.00332327   0.00008150  
   101.500   0.00246494   0.00007024   0.00161662   0.00005685   0.00083632   0.00004090   2.94736842   0.16681558   0.00330126   0.00008128  
   102.500   0.00238291   0.00006901   0.00143655   0.00005374   0.00080631   0.00004016   2.95533499   0.17025960   0.00318922   0.00007984  
   103.500   0.00231088   0.00006802   0.00145655   0.00005396   0.00073828   0.00003843   3.13008130   0.18716019   0.00304916   0.00007812  
   104.500   0.00227887   0.00006749   0.00145055   0.00005385   0.00086833   0.00004167   2.62442396   0.14799773   0.00314720   0.00007931  
   105.500   0.00219484   0.00006623   0.00139453   0.00005288   0.00079030   0.00003976   2.77721519   0.16291680   0.00298514   0.00007725  
   106.500   0.00219884   0.00006629   0.00137052   0.00005235   0.00078430   0.00003961   2.80357143   0.16488570   0.00298314   0.00007722  
   107.500   0.00213281   0.00006529   0.00138453   0.00005261   0.00075229   0.00003879   2.83510638   0.17000382   0.00288510   0.00007594  
   108.500   0.00212481   0.00006517   0.00132050   0.00005138   0.00074228   0.00003853   2.86253369   0.17258578   0.00286709   0.00007571  
   109.500   0.00199076   0.00006308   0.00125248   0.00005004   0.00066825   0.00003656   2.97904192   0.18834135   0.00265901   0.00007291  
   110.500   0.00194874   0.00006254   0.00129649   0.00005091   0.00074628   0.00003863   2.61126005   0.15904857   0.00269503   0.00007351  
   111.500   0.00199876   0.00006333   0.00124447   0.00004988   0.00071427   0.00003780   2.79831933   0.17259368   0.00271303   0.00007375  
   112.500   0.00181669   0.00006033   0.00121246   0.00004932   0.00072228   0.00003801   2.51523546   0.15650809   0.00253897   0.00007130  
   113.500   0.00179668   0.00005993   0.00124247   0.00004984   0.00065425   0.00003617   2.74617737   0.17732926   0.00245093   0.00007000  
   114.500   0.00171465   0.00005855   0.00115644   0.00004809   0.00061023   0.00003494   2.80983607   0.18730353   0.00232489   0.00006818  
   115.500   0.00166063   0.00005762   0.00105040   0.00004592   0.00064625   0.00003595   2.56965944   0.16848021   0.00230688   0.00006791  
   116.500   0.00169264   0.00005817   0.00108241   0.00004652   0.00067626   0.00003678   2.50295858   0.16102045   0.00236890   0.00006882  
   117.500   0.00165063   0.00005751   0.00115644   0.00004809   0.00068026   0.00003689   2.42647059   0.15639418   0.00233089   0.00006833  
   118.500   0.00163262   0.00005720   0.00107041   0.00004627   0.00057622   0.00003395   2.83333333   0.19421700   0.00220884   0.00006652  
   119.500   0.00159261   0.00005643   0.00096237   0.00004387   0.00050819   0.00003188   3.13385827   0.22579636   0.00210080   0.00006481  
   120.500   0.00146256   0.00005407   0.00102039   0.00004517   0.00062824   0.00003545   2.32802548   0.15704602   0.00209080   0.00006466  
   121.500   0.00149657   0.00005470   0.00099438   0.00004459   0.00060623   0.00003482   2.46864686   0.16807167   0.00210280   0.00006484  
   122.500   0.00145255   0.00005396   0.00090635   0.00004257   0.00052820   0.00003250   2.75000000   0.19767667   0.00198075   0.00006300  
   123.500   0.00136052   0.00005216   0.00096637   0.00004396   0.00055021   0.00003317   2.47272727   0.17667374   0.00191073   0.00006181  
   124.500   0.00137452   0.00005242   0.00093436   0.00004332   0.00049019   0.00003131   2.80408163   0.20862134   0.00186471   0.00006106  
   125.500   0.00132450   0.00005146   0.00083432   0.00004085   0.00051820   0.00003220   2.55598456   0.18729590   0.00184270   0.00006070  
   126.500   0.00133851   0.00005173   0.00095436   0.00004369   0.00055021   0.00003317   2.43272727   0.17422694   0.00188872   0.00006146  
   127.500   0.00130450   0.00005107   0.00084432   0.00004109   0.00054621   0.00003317   2.38827839   0.17257821   0.00185071   0.00006090  
   128.500   0.00127449   0.00005048   0.00088034   0.00004196   0.00058422   0.00003418   2.18150685   0.15414033   0.00185871   0.00006097  
   129.500   0.00119446   0.00004887   0.00075029   0.00003874   0.00048418   0.00003112   2.46694215   0.18796209   0.00167864   0.00005794  
   130.500   0.00128049   0.00005060   0.00081431   0.00004036   0.00045817   0.00003027   2.79475983   0.21516586   0.00173866   0.00005896  
   131.500   0.00117645   0.00004850   0.00077830   0.00003955   0.00050419   0.00003176   2.33333333   0.17565108   0.00168064   0.00005797  
   132.500   0.00111442   0.00004721   0.00075829   0.00003894   0.00048018   0.00003099   2.32083333   0.17917071   0.00159461   0.00005647  
   133.500   0.00117845   0.00004854   0.00081031   0.00004026   0.00049019   0.00003131   2.40408163   0.18273274   0.00166864   0.00005777  
   134.500   0.00106641   0.00004618   0.00077229   0.00003930   0.00044017   0.00002967   2.42272727   0.19411515   0.00150657   0.00005489  
   135.500   0.00099838   0.00004468   0.00074228   0.00003853   0.00046018   0.00003034   2.16956522   0.17288363   0.00145856   0.00005401  
   136.500   0.00095236   0.00004364   0.00072428   0.00003806   0.00041816   0.00002892   2.27751196   0.18895842   0.00137052   0.00005235  
   137.500   0.00088834   0.00004215   0.00074428   0.00003858   0.00045417   0.00003014   1.95594714   0.15956906   0.00134251   0.00005182  
   138.500   0.00096637   0.00004396   0.00073628   0.00003837   0.00049019   0.00003131   1.97142857   0.15460356   0.00145655   0.00005397  
   139.500   0.00091035   0.00004267   0.00064625   0.00003595   0.00046018   0.00003034   1.97826087   0.16002685   0.00137052   0.00005236  
   140.500   0.00090434   0.00004253   0.00066625   0.00003650   0.00040816   0.00002857   2.21568627   0.18685935   0.00131250   0.00005123  
   141.500   0.00089634   0.00004243   0.00068426   0.00003699   0.00042216   0.00002906   2.12322275   0.17738053   0.00131850   0.00005143  
   142.500   0.00087233   0.00004177   0.00063824   0.00003573   0.00036214   0.00002692   2.40883978   0.21296704   0.00123447   0.00004969  
   143.500   0.00083232   0.00004080   0.00057622   0.00003395   0.00035213   0.00002654   2.36363636   0.21251265   0.00118445   0.00004867  
   144.500   0.00082231   0.00004055   0.00061023   0.00003494   0.00037414   0.00002736   2.19786096   0.19384439   0.00119646   0.00004892  
   145.500   0.00084632   0.00004114   0.00058622   0.00003424   0.00034413   0.00002624   2.45930233   0.22237341   0.00119045   0.00004880  
   146.500   0.00074228   0.00003853   0.00053821   0.00003281   0.00035614   0.00002669   2.08426966   0.19001630   0.00109842   0.00004687  
   147.500   0.00076029   0.00003899   0.00066225   0.00003639   0.00037014   0.00002721   2.05405405   0.18412143   0.00113043   0.00004755  
   148.500   0.00067826   0.00003683   0.00056622   0.00003365   0.00033213   0.00002578   2.04216867   0.19343497   0.00101038   0.00004496  
   149.500   0.00071627   0.00003785   0.00049819   0.00003157   0.00032813   0.00002562   2.18292683   0.20580794   0.00104440   0.00004571  
   150.500   0.00072628   0.00003822   0.00050819   0.00003188   0.00035413   0.00002662   2.05084746   0.18816138   0.00108041   0.00004657  
   151.500   0.00067826   0.00003683   0.00055021   0.00003317   0.00035814   0.00002677   1.89385475   0.17495820   0.00103639   0.00004553  
   152.500   0.00066825   0.00003667   0.00050219   0.00003169   0.00033613   0.00002593   1.98809524   0.18821204   0.00100438   0.00004491  
   153.500   0.00060423   0.00003476   0.00052820   0.00003250   0.00030412   0.00002467   1.98684211   0.19757050   0.00090835   0.00004263  
   154.500   0.00062424   0.00003533   0.00043016   0.00002933   0.00029611   0.00002434   2.10810811   0.21038755   0.00092035   0.00004291  
   155.500   0.00056021   0.00003347   0.00044417   0.00002981   0.00028611   0.00002392   1.95804196   0.20123523   0.00084632   0.00004114  
   156.500   0.00066625   0.00003661   0.00042416   0.00002913   0.00026610   0.00002307   2.50375940   0.25702082   0.00093236   0.00004328  
   157.500   0.00055021   0.00003317   0.00043216   0.00002940   0.00029811   0.00002442   1.84563758   0.18772749   0.00084832   0.00004119  
   158.500   0.00061223   0.00003499   0.00039015   0.00002794   0.00028411   0.00002384   2.15492958   0.21878880   0.00089634   0.00004234  
   159.500   0.00057822   0.00003401   0.00045017   0.00003001   0.00028211   0.00002376   2.04964539   0.21052967   0.00086033   0.00004148  
   160.500   0.00055821   0.00003341   0.00039615   0.00002815   0.00023209   0.00002155   2.40517241   0.26569175   0.00079030   0.00003976  
   161.500   0.00053821   0.00003281   0.00041416   0.00002878   0.00022409   0.00002117   2.40178571   0.27007056   0.00076229   0.00003905  
   162.500   0.00049619   0.00003150   0.00043417   0.00002947   0.00028211   0.00002376   1.75886525   0.18549530   0.00077830   0.00003946  
   163.500   0.00052020   0.00003226   0.00035013   0.00002647   0.00028211   0.00002376   1.84397163   0.19283704   0.00080231   0.00004006  
   164.500   0.00051420   0.00003207   0.00040215   0.00002836   0.00026010   0.00002281   1.97692308   0.21274997   0.00077430   0.00003936  
   165.500   0.00046618   0.00003054   0.00043016   0.00002933   0.00025610   0.00002263   1.82031250   0.20025378   0.00072228   0.00003801  
   166.500   0.00042216   0.00002906   0.00037214   0.00002728   0.00021608   0.00002079   1.95370370   0.23113722   0.00063824   0.00003573  
   167.500   0.00045417   0.00003014   0.00037414   0.00002736   0.00025210   0.00002246   1.80158730   0.20012864   0.00070627   0.00003759  
   168.500   0.00041816   0.00002892   0.00038815   0.00002786   0.00026810   0.00002316   1.55970149   0.17259474   0.00068626   0.00003705  
   169.500   0.00041016   0.00002864   0.00036014   0.00002684   0.00024009   0.00002192   1.70833333   0.19634230   0.00065025   0.00003607  
   170.500   0.00040816   0.00002857   0.00037814   0.00002750   0.00025210   0.00002246   1.61904762   0.18343508   0.00066025   0.00003634  
   171.500   0.00039615   0.00002815   0.00031812   0.00002523   0.00022809   0.00002136   1.73684211   0.20418375   0.00062424   0.00003534  
   172.500   0.00039615   0.00002815   0.00033013   0.00002570   0.00019407   0.00001970   2.04123711   0.25296342   0.00059022   0.00003436  
   173.500   0.00039415   0.00002808   0.00033413   0.00002585   0.00025810   0.00002272   1.52713178   0.17295116   0.00065225   0.00003612  
   174.500   0.00034413   0.00002624   0.00034413   0.00002624   0.00020408   0.00002021   1.68627451   0.21072274   0.00054821   0.00003312  
   175.500   0.00036614   0.00002706   0.00028811   0.00002401   0.00024809   0.00002228   1.47580645   0.17164458   0.00061423   0.00003505  
   176.500   0.00034413   0.00002624   0.00032212   0.00002538   0.00017407   0.00001866   1.97701149   0.26008189   0.00051820   0.00003220  
   177.500   0.00033213   0.00002578   0.00025810   0.00002272   0.00016606   0.00001823   2.00000000   0.26885154   0.00049819   0.00003157  
   178.500   0.00029811   0.00002442   0.00027410   0.00002342   0.00020208   0.00002011   1.47524752   0.19013186   0.00050019   0.00003163  
   179.500   0.00032813   0.00002562   0.00028811   0.00002401   0.00019007   0.00001950   1.72631579   0.22256674   0.00051820   0.00003220  
   180.500   0.00030612   0.00002475   0.00023409   0.00002164   0.00019407   0.00001970   1.57731959   0.20470683   0.00050019   0.00003163  
   181.500   0.00031212   0.00002499   0.00027611   0.00002350   0.00020008   0.00002001   1.56000000   0.19982775   0.00051220   0.00003201  
   182.500   0.00028411   0.00002384   0.00026610   0.00002307   0.00018207   0.00001909   1.56043956   0.20952504   0.00046618   0.00003054  
   183.500   0.00027811   0.00002359   0.00025610   0.00002263   0.00015606   0.00001767   1.78205128   0.25210047   0.00043417   0.00002947  
   184.500   0.00028611   0.00002392   0.00024409   0.00002210   0.00015606   0.00001767   1.83333333   0.25804789   0.00044217   0.00002974  
   185.500   0.00026210   0.00002290   0.00022208   0.00002108   0.00016806   0.00001834   1.55952381   0.21797852   0.00043016   0.00002934  
   186.500   0.00026410   0.00002299   0.00027210   0.00002333   0.00015406   0.00001756   1.71428571   0.24581190   0.00041816   0.00002892  
   187.500   0.00025210   0.00002246   0.00016206   0.00001801   0.00017607   0.00001877   1.43181818   0.19890497   0.00042816   0.00002927  
   188.500   0.00027410   0.00002342   0.00025410   0.00002255   0.00015406   0.00001756   1.77922078   0.25340179   0.00042816   0.00002927  
   189.500   0.00026210   0.00002290   0.00022609   0.00002127   0.00014806   0.00001721   1.77027027   0.25742128   0.00041016   0.00002864  
   190.500   0.00023409   0.00002164   0.00021408   0.00002069   0.00014405   0.00001698   1.62500000   0.24339167   0.00037814   0.00002750  
   191.500   0.00024809   0.00002228   0.00019808   0.00001991   0.00016606   0.00001823   1.49397590   0.21186405   0.00041416   0.00002878  
   192.500   0.00023009   0.00002145   0.00019007   0.00001950   0.00014005   0.00001674   1.64285714   0.24903983   0.00037014   0.00002721  
   193.500   0.00022409   0.00002117   0.00020008   0.00002001   0.00013405   0.00001638   1.67164179   0.25816962   0.00035814   0.00002677  
   194.500   0.00022008   0.00002098   0.00018807   0.00001940   0.00014606   0.00001709   1.50684932   0.22746706   0.00036614   0.00002706  
   195.500   0.00019207   0.00001960   0.00016406   0.00001812   0.00012005   0.00001550   1.60000000   0.26330251   0.00031212   0.00002499  
   196.500   0.00023009   0.00002145   0.00019607   0.00001981   0.00010004   0.00001415   2.30000000   0.38960161   0.00033013   0.00002570  
   197.500   0.00019407   0.00001970   0.00017207   0.00001855   0.00016006   0.00001789   1.21250000   0.18311270   0.00035413   0.00002662  
   198.500   0.00020008   0.00002001   0.00018207   0.00001909   0.00015606   0.00001767   1.28205128   0.19366406   0.00035614   0.00002669  
   199.500   0.00020608   0.00002030   0.00014205   0.00001686   0.00013805   0.00001662   1.49275362   0.23221552   0.00034413   0.00002624  
   200.500   0.00019607   0.00001981   0.00014606   0.00001709   0.00009404   0.00001372   2.08510638   0.36994440   0.00029011   0.00002409  
   201.500   0.00019808   0.00001991   0.00014405   0.00001698   0.00010004   0.00001415   1.98000000   0.34351150   0.00029811   0.00002442  
   202.500   0.00014205   0.00001686   0.00017207   0.00001855   0.00009604   0.00001386   1.47916667   0.27639385   0.00023809   0.00002183  
   203.500   0.00017607   0.00001877   0.00012205   0.00001563   0.00013805   0.00001662   1.27536232   0.20506934   0.00031412   0.00002507  
   204.500   0.00016006   0.00001789   0.00015006   0.00001733   0.00010604   0.00001457   1.50943396   0.26732720   0.00026610   0.00002307  
   205.500   0.00017006   0.00001845   0.00015606   0.00001767   0.00010004   0.00001415   1.70000000   0.30297560   0.00027010   0.00002325  
   206.500   0.00019407   0.00001970   0.00014606   0.00001709   0.00009804   0.00001400   1.97959184   0.34693974   0.00029211   0.00002417  
   207.500   0.00014205   0.00001686   0.00016006   0.00001789   0.00010604   0.00001457   1.33962264   0.24317170   0.00024809   0.00002228  
   208.500   0.00014806   0.00001721   0.00012405   0.00001575   0.00009604   0.00001386   1.54166667   0.28570725   0.00024409   0.00002210  
   209.500   0.00014606   0.00001709   0.00011004   0.00001484   0.00012805   0.00001601   1.14062500   0.19531560   0.00027410   0.00002342  
   210.500   0.00012405   0.00001575   0.00015406   0.00001756   0.00008403   0.00001297   1.47619048   0.29500387   0.00020808   0.00002040  
   211.500   0.00010604   0.00001457   0.00010804   0.00001470   0.00011804   0.00001537   0.89830508   0.17000308   0.00022409   0.00002117  
   212.500   0.00013405   0.00001638   0.00011204   0.00001497   0.00009604   0.00001386   1.39583333   0.26394432   0.00023009   0.00002146  
   213.500   0.00015006   0.00001733   0.00013805   0.00001662   0.00009804   0.00001400   1.53061224   0.28114768   0.00024809   0.00002228  
   214.500   0.00015606   0.00001767   0.00013005   0.00001613   0.00009204   0.00001357   1.69565217   0.31521642   0.00024809   0.00002228  
   215.500   0.00013005   0.00001613   0.00008603   0.00001312   0.00008203   0.00001281   1.58536585   0.31617164   0.00021208   0.00002060  
   216.500   0.00012405   0.00001575   0.00012205   0.00001563   0.00007603   0.00001233   1.63157895   0.33613227   0.00020008   0.00002001  
   217.500   0.00009003   0.00001342   0.00012605   0.00001588   0.00010604   0.00001457   0.84905660   0.17210557   0.00019607   0.00001981  
   218.500   0.00012405   0.00001575   0.00010004   0.00001415   0.00006803   0.00001167   1.82352941   0.38913790   0.00019207   0.00001960  
   219.500   0.00011604   0.00001524   0.00009804   0.00001400   0.00008403   0.00001297   1.38095238   0.27978826   0.00020008   0.00002001  
   220.500   0.00011004   0.00001484   0.00011404   0.00001510   0.00007803   0.00001249   1.41025641   0.29521502   0.00018807   0.00001940  
   221.500   0.00011004   0.00001484   0.00008403   0.00001297   0.00007003   0.00001184   1.57142857   0.33977486   0.00018007   0.00001898  
   222.500   0.00012205   0.00001563   0.00010804   0.00001470   0.00010404   0.00001443   1.17307692   0.22140474   0.00022609   0.00002127  
   223.500   0.00009804   0.00001400   0.00009804   0.00001400   0.00007003   0.00001184   1.40000000   0.30983234   0.00016806   0.00001834  
   224.500   0.00010604   0.00001457   0.00008403   0.00001297   0.00006603   0.00001149   1.60606061   0.35612907   0.00017207   0.00001855  
   225.500   0.00009804   0.00001400   0.00010404   0.00001443   0.00007803   0.00001249   1.25641026   0.26960816   0.00017607   0.00001877  
   226.500   0.00012005   0.00001550   0.00008803   0.00001327   0.00005202   0.00001020   2.30769231   0.54182239   0.00017207   0.00001855  
   227.500   0.00010604   0.00001457   0.00007803   0.00001249   0.00008203   0.00001281   1.29268293   0.26885372   0.00018807   0.00001940  
   228.500   0.00007003   0.00001184   0.00009604   0.00001386   0.00006803   0.00001167   1.02941176   0.24787499   0.00013805   0.00001662  
   229.500   0.00009804   0.00001400   0.00006402   0.00001132   0.00006402   0.00001132   1.53125000   0.34802238   0.00016206   0.00001801  
   230.500   0.00008203   0.00001281   0.00008603   0.00001312   0.00006402   0.00001132   1.28125000   0.30221818   0.00014606   0.00001709  
   231.500   0.00008803   0.00001327   0.00008203   0.00001281   0.00007203   0.00001200   1.22222222   0.27466857   0.00016006   0.00001790  
   232.500   0.00009003   0.00001342   0.00007003   0.00001184   0.00006002   0.00001096   1.50000000   0.35354703   0.00015006   0.00001733  
   233.500   0.00008603   0.00001312   0.00008003   0.00001265   0.00005202   0.00001020   1.65384615   0.41085797   0.00013805   0.00001662  
   234.500   0.00008003   0.00001265   0.00006603   0.00001149   0.00006603   0.00001149   1.21212121   0.28504450   0.00014606   0.00001709  
   235.500   0.00007403   0.00001217   0.00008603   0.00001312   0.00006202   0.00001114   1.19354839   0.29060659   0.00013605   0.00001650  
   236.500   0.00006803   0.00001167   0.00005802   0.00001077   0.00005802   0.00001077   1.17241379   0.29635068   0.00012605   0.00001588  
   237.500   0.00006603   0.00001149   0.00005602   0.00001059   0.00004402   0.00000938   1.50000000   0.41285596   0.00011004   0.00001484  
   238.500   0.00006002   0.00001096   0.00002401   0.00000693   0.00005602   0.00001059   1.07142857   0.28153428   0.00011604   0.00001524  
   239.500   0.00007203   0.00001200   0.00006002   0.00001096   0.00005202   0.00001020   1.38461538   0.35635308   0.00012405   0.00001575  
   240.500   0.00005402   0.00001040   0.00005602   0.00001059   0.00005602   0.00001059   0.96428571   0.26008794   0.00011004   0.00001484  
   241.500   0.00005202   0.00001020   0.00006402   0.00001132   0.00005402   0.00001040   0.96296296   0.26458986   0.00010604   0.00001457  
   242.500   0.00004602   0.00000960   0.00005602   0.00001059   0.00005402   0.00001040   0.85185185   0.24171180   0.00010004   0.00001415  
   243.500   0.00006402   0.00001132   0.00006803   0.00001167   0.00004402   0.00000938   1.45454545   0.40283960   0.00010804   0.00001470  
   244.500   0.00005202   0.00001020   0.00005202   0.00001020   0.00004202   0.00000917   1.23809524   0.36324664   0.00009404   0.00001372  
   245.500   0.00004802   0.00000980   0.00004602   0.00000960   0.00004002   0.00000895   1.20000000   0.36331407   0.00008803   0.00001327  
   246.500   0.00005002   0.00001000   0.00004802   0.00000980   0.00004402   0.00000938   1.13636364   0.33218485   0.00009404   0.00001372  
   247.500   0.00005402   0.00001040   0.00005002   0.00001000   0.00002401   0.00000693   2.25000000   0.78061824   0.00007803   0.00001249  
   248.500   0.00004402   0.00000938   0.00005402   0.00001040   0.00002001   0.00000633   2.20000000   0.83904131   0.00006402   0.00001132  
   249.500   0.00006202   0.00001114   0.00004202   0.00000917   0.00003001   0.00000775   2.06666667   0.65000767   0.00009204   0.00001357  
   250.500   0.00005002   0.00001000   0.00005402   0.00001040   0.00003001   0.00000775   1.66666667   0.54432595   0.00008003   0.00001265  
   251.500   0.00006803   0.00001167   0.00006402   0.00001132   0.00004802   0.00000980   1.41666667   0.37768565   0.00011604   0.00001524  
   252.500   0.00003401   0.00000825   0.00004402   0.00000938   0.00004002   0.00000895   0.85000000   0.28039892   0.00007403   0.00001217  
   253.500   0.00004602   0.00000960   0.00006202   0.00001114   0.00004202   0.00000917   1.09523810   0.33056474   0.00008803   0.00001327  
   254.500   0.00003201   0.00000800   0.00004802   0.00000980   0.00003201   0.00000800   1.00000000   0.35355057   0.00006402   0.00001132  
   255.500   0.00006202   0.00001114   0.00004402   0.00000938   0.00003401   0.00000825   1.82352941   0.55033016   0.00009604   0.00001386  
   256.500   0.00005002   0.00001000   0.00004602   0.00000960   0.00003801   0.00000872   1.31578947   0.40046195   0.00008803   0.00001327  
   257.500   0.00002601   0.00000721   0.00002601   0.00000721   0.00003401   0.00000825   0.76470588   0.28174467   0.00006002   0.00001096  
   258.500   0.00004602   0.00000960   0.00004602   0.00000960   0.00002201   0.00000664   2.09090909   0.76649815   0.00006803   0.00001167  
   259.500   0.00002001   0.00000633   0.00004402   0.00000938   0.00002601   0.00000721   0.76923077   0.32355374   0.00004602   0.00000960  
   260.500   0.00004002   0.00000895   0.00002801   0.00000749   0.00004002   0.00000895   1.00000000   0.31622460   0.00008003   0.00001265  
   261.500   0.00003201   0.00000800   0.00004002   0.00000895   0.00003201   0.00000800   1.00000000   0.35355057   0.00006402   0.00001132  
   262.500   0.00003401   0.00000825   0.00003801   0.00000872   0.00004202   0.00000917   0.80952381   0.26410902   0.00007603   0.00001233  
   263.500   0.00004202   0.00000917   0.00003001   0.00000775   0.00002801   0.00000749   1.50000000   0.51754481   0.00007003   0.00001184  
   264.500   0.00002201   0.00000664   0.00002001   0.00000633   0.00002001   0.00000633   1.10000000   0.48062208   0.00004202   0.00000917  
   265.500   0.00004602   0.00000960   0.00003001   0.00000775   0.00003201   0.00000800   1.43750000   0.46796367   0.00007803   0.00001249  
   266.500   0.00002401   0.00000693   0.00003801   0.00000872   0.00003001   0.00000775   0.80000000   0.30983660   0.00005402   0.00001040  
   267.500   0.00003001   0.00000775   0.00003401   0.00000825   0.00001000   0.00000447   3.00000000   1.54918758   0.00004002   0.00000895  
   268.500   0.00003001   0.00000775   0.00003801   0.00000872   0.00002201   0.00000664   1.36363636   0.54130311   0.00005202   0.00001020  
   269.500   0.00003001   0.00000775   0.00003201   0.00000800   0.00002601   0.00000721   1.15384615   0.43722661   0.00005602   0.00001059  
   270.500   0.00003201   0.00000800   0.00003001   0.00000775   0.00001801   0.00000600   1.77777778   0.74073647   0.00005002   0.00001000  
   271.500   0.00002201   0.00000664   0.00002801   0.00000749   0.00002601   0.00000721   0.84615385   0.34664451   0.00004802   0.00000980  
   272.500   0.00002001   0.00000633   0.00004002   0.00000895   0.00004602   0.00000960   0.43478261   0.16468809   0.00006603   0.00001149  
   273.500   0.00001801   0.00000600   0.00001401   0.00000529   0.00001801   0.00000600   1.00000000   0.47140239   0.00003601   0.00000849  
   274.500   0.00002801   0.00000749   0.00002401   0.00000693   0.00001601   0.00000566   1.75000000   0.77560065   0.00004402   0.00000938  
   275.500   0.00002401   0.00000693   0.00001801   0.00000600   0.00002201   0.00000664   1.09090909   0.45536852   0.00004602   0.00000960  
   276.500   0.00002201   0.00000664   0.00002801   0.00000749   0.00002601   0.00000721   0.84615385   0.34664451   0.00004802   0.00000980  
   277.500   0.00002601   0.00000721   0.00002201   0.00000664   0.00001601   0.00000566   1.62500000   0.73020397   0.00004202   0.00000917  
   278.500   0.00002201   0.00000664   0.00003601   0.00000849   0.00002001   0.00000633   1.10000000   0.48062208   0.00004202   0.00000917  
   279.500   0.00002201   0.00000664   0.00001200   0.00000490   0.00001200   0.00000490   1.83333333   0.93044828   0.00003401   0.00000825  
   280.500   0.00002201   0.00000664   0.00002201   0.00000664   0.00001200   0.00000490   1.83333333   0.93044828   0.00003401   0.00000825  
   281.500   0.00002401   0.00000693   0.00001601   0.00000566   0.00002201   0.00000664   1.09090909   0.45536852   0.00004602   0.00000960  
   282.500   0.00002201   0.00000664   0.00002201   0.00000664   0.00001200   0.00000490   1.83333333   0.93044828   0.00003401   0.00000825  
   283.500   0.00002001   0.00000633   0.00001801   0.00000600   0.00000800   0.00000400   2.50000000   1.47901571   0.00002801   0.00000749  
   284.500   0.00003001   0.00000775   0.00001401   0.00000529   0.00001401   0.00000529   2.14285714   0.98086185   0.00004402   0.00000938  
   285.500   0.00002201   0.00000664   0.00003201   0.00000800   0.00001801   0.00000600   1.22222222   0.54934532   0.00004002   0.00000895  
   286.500   0.00002201   0.00000664   0.00001200   0.00000490   0.00001200   0.00000490   1.83333333   0.93044828   0.00003401   0.00000825  
   287.500   0.00001200   0.00000490   0.00001601   0.00000566   0.00001000   0.00000447   1.20000000   0.72663408   0.00002201   0.00000664  
   288.500   0.00001801   0.00000600   0.00001601   0.00000566   0.00002201   0.00000664   0.81818182   0.36774356   0.00004002   0.00000895  
   289.500   0.00001000   0.00000447   0.00001601   0.00000566   0.00001000   0.00000447   1.00000000   0.63245396   0.00002001   0.00000633  
   290.500   0.00001601   0.00000566   0.00001401   0.00000529   0.00001401   0.00000529   1.14285714   0.59148258   0.00003001   0.00000775  
   291.500   0.00001801   0.00000600   0.00000400   0.00000283   0.00002001   0.00000633   0.90000000   0.41351949   0.00003801   0.00000872  
   292.500   0.00001200   0.00000490   0.00001801   0.00000600   0.00001000   0.00000447   1.20000000   0.72663408   0.00002201   0.00000664  
   293.500   0.00001401   0.00000529   0.00001601   0.00000566   0.00001200   0.00000490   1.16666667   0.64907130   0.00002601   0.00000721  
   294.500   0.00001000   0.00000447   0.00001000   0.00000447   0.00001000   0.00000447   1.00000000   0.63245396   0.00002001   0.00000633  
   295.500   0.00000800   0.00000400   0.00002201   0.00000664   0.00001801   0.00000600   0.44444444   0.26707712   0.00002601   0.00000721  
   296.500   0.00001000   0.00000447   0.00001601   0.00000566   0.00002601   0.00000721   0.38461538   0.20239727   0.00003601   0.00000849  
   297.500   0.00002401   0.00000693   0.00000400   0.00000283   0.00001401   0.00000529   1.71428571   0.81530189   0.00003801   0.00000872  
   298.500   0.00001401   0.00000529   0.00001200   0.00000490   0.00001200   0.00000490   1.16666667   0.64907130   0.00002601   0.00000721  
   299.500   0.00000400   0.00000283   0.00001000   0.00000447   0.00000400   0.00000283   1.00000000   0.99999896   0.00000800   0.00000400 
