 0.500   0.00107534   0.00004626   0.00015134   0.00001736   0.00020710   0.00002031   5.19230769   0.55597096   0.00128244   0.00005052  
     1.500   0.00191968   0.00006180   0.00033057   0.00002565   0.00034451   0.00002619   5.57225434   0.46003001   0.00226418   0.00006712  
     2.500   0.00229804   0.00006773   0.00041819   0.00002885   0.00039230   0.00002795   5.85786802   0.45161485   0.00269034   0.00007327  
     3.500   0.00259276   0.00007181   0.00049983   0.00003155   0.00051576   0.00003204   5.02702703   0.34195098   0.00310852   0.00007863  
     4.500   0.00284566   0.00007528   0.00054364   0.00003290   0.00057351   0.00003379   4.96180556   0.32044969   0.00341918   0.00008251  
     5.500   0.00299303   0.00007725   0.00067109   0.00003655   0.00053568   0.00003266   5.58736059   0.36988950   0.00352870   0.00008387  
     6.500   0.00323000   0.00008014   0.00080850   0.00004012   0.00063923   0.00003567   5.05295950   0.30859465   0.00386923   0.00008772  
     7.500   0.00319814   0.00007974   0.00082243   0.00004046   0.00061732   0.00003506   5.18064516   0.32130359   0.00381546   0.00008711  
     8.500   0.00330567   0.00008112   0.00089014   0.00004209   0.00070096   0.00003735   4.71590909   0.27667774   0.00400663   0.00008930  
     9.500   0.00331762   0.00008121   0.00098772   0.00004434   0.00073681   0.00003830   4.50270270   0.25869786   0.00405442   0.00008979  
    10.500   0.00373381   0.00008624   0.00114105   0.00004765   0.00079057   0.00003967   4.72292191   0.26089052   0.00452439   0.00009493  
    11.500   0.00359442   0.00008453   0.00120876   0.00004905   0.00077663   0.00003932   4.62820513   0.25835700   0.00437105   0.00009323  
    12.500   0.00368602   0.00008578   0.00131829   0.00005122   0.00087421   0.00004171   4.21640091   0.22384667   0.00456023   0.00009539  
    13.500   0.00370394   0.00008585   0.00138002   0.00005248   0.00088018   0.00004186   4.20814480   0.22262100   0.00458413   0.00009551  
    14.500   0.00380749   0.00008699   0.00149353   0.00005452   0.00081447   0.00004026   4.67481663   0.25459555   0.00462196   0.00009586  
    15.500   0.00380949   0.00008702   0.00157915   0.00005606   0.00089612   0.00004223   4.25111111   0.22264503   0.00470560   0.00009672  
    16.500   0.00405243   0.00008983   0.00162097   0.00005679   0.00092798   0.00004298   4.36695279   0.22422071   0.00498041   0.00009958  
    17.500   0.00400464   0.00008930   0.00180219   0.00005988   0.00099768   0.00004456   4.01397206   0.20038811   0.00500231   0.00009980  
    18.500   0.00399269   0.00008908   0.00186193   0.00006086   0.00090010   0.00004233   4.43584071   0.23088331   0.00489279   0.00009862  
    19.500   0.00405841   0.00008985   0.00193959   0.00006212   0.00097179   0.00004398   4.17622951   0.21040687   0.00503019   0.00010004  
    20.500   0.00403053   0.00008963   0.00211483   0.00006486   0.00089811   0.00004228   4.48780488   0.23366081   0.00492863   0.00009910  
    21.500   0.00410620   0.00009042   0.00221042   0.00006637   0.00103153   0.00004531   3.98069498   0.19559830   0.00513773   0.00010114  
    22.500   0.00415001   0.00009090   0.00219449   0.00006607   0.00098374   0.00004425   4.21862348   0.21106055   0.00513375   0.00010110  
    23.500   0.00411217   0.00009049   0.00214072   0.00006526   0.00098971   0.00004447   4.15492958   0.20788676   0.00510188   0.00010083  
    24.500   0.00425157   0.00009192   0.00231795   0.00006802   0.00108928   0.00004656   3.90310786   0.18696442   0.00534085   0.00010304  
    25.500   0.00431928   0.00009281   0.00244739   0.00006977   0.00106737   0.00004609   4.04664179   0.19518169   0.00538665   0.00010363  
    26.500   0.00427746   0.00009224   0.00243345   0.00006974   0.00109923   0.00004677   3.89130435   0.18562728   0.00537669   0.00010342  
    27.500   0.00449850   0.00009471   0.00245536   0.00006994   0.00109724   0.00004673   4.09981851   0.19477945   0.00559574   0.00010561  
    28.500   0.00430135   0.00009262   0.00245735   0.00006997   0.00110919   0.00004698   3.87791741   0.18427325   0.00541055   0.00010386  
    29.500   0.00415200   0.00009088   0.00259077   0.00007189   0.00121274   0.00004913   3.42364532   0.15764097   0.00536474   0.00010331  
    30.500   0.00441287   0.00009372   0.00258479   0.00007170   0.00123863   0.00004965   3.56270096   0.16161488   0.00565150   0.00010606  
    31.500   0.00425555   0.00009209   0.00251709   0.00007087   0.00124660   0.00004981   3.41373802   0.15511719   0.00550215   0.00010469  
    32.500   0.00429538   0.00009243   0.00275406   0.00007411   0.00125854   0.00005013   3.41297468   0.15450379   0.00555392   0.00010515  
    33.500   0.00434118   0.00009305   0.00264653   0.00007255   0.00122469   0.00004945   3.54471545   0.16204087   0.00556587   0.00010537  
    34.500   0.00437503   0.00009328   0.00262263   0.00007228   0.00131231   0.00005110   3.33383915   0.14801044   0.00568735   0.00010636  
    35.500   0.00434118   0.00009300   0.00268635   0.00007309   0.00140790   0.00005293   3.08345120   0.13342524   0.00574908   0.00010701  
    36.500   0.00450049   0.00009460   0.00272817   0.00007371   0.00136010   0.00005203   3.30893119   0.14442289   0.00586059   0.00010797  
    37.500   0.00437902   0.00009358   0.00261666   0.00007214   0.00130634   0.00005106   3.35213415   0.14933725   0.00568535   0.00010660  
    38.500   0.00434317   0.00009298   0.00272618   0.00007368   0.00135015   0.00005191   3.21681416   0.14156291   0.00569332   0.00010649  
    39.500   0.00417789   0.00009120   0.00266047   0.00007274   0.00135214   0.00005187   3.08983800   0.13638462   0.00553003   0.00010492  
    40.500   0.00431529   0.00009273   0.00264653   0.00007260   0.00139794   0.00005274   3.08689459   0.13403150   0.00571323   0.00010668  
    41.500   0.00430733   0.00009251   0.00264454   0.00007258   0.00147162   0.00005419   2.92692828   0.12476996   0.00577895   0.00010722  
    42.500   0.00402854   0.00008957   0.00266047   0.00007274   0.00142980   0.00005334   2.81754875   0.12236271   0.00545834   0.00010425  
    43.500   0.00404447   0.00008974   0.00285363   0.00007538   0.00145768   0.00005386   2.77459016   0.11958023   0.00550215   0.00010466  
    44.500   0.00390507   0.00008810   0.00262064   0.00007236   0.00157119   0.00005591   2.48542459   0.10472400   0.00547626   0.00010434  
    45.500   0.00399269   0.00008912   0.00267042   0.00007293   0.00142781   0.00005330   2.79637378   0.12163292   0.00542050   0.00010385  
    46.500   0.00388516   0.00008792   0.00256289   0.00007139   0.00151145   0.00005491   2.57048748   0.11002427   0.00539661   0.00010366  
    47.500   0.00400663   0.00008928   0.00259276   0.00007186   0.00143578   0.00005353   2.79056865   0.12119972   0.00544241   0.00010409  
    48.500   0.00391901   0.00008834   0.00244341   0.00006977   0.00149552   0.00005455   2.62050599   0.11236837   0.00541453   0.00010383  
    49.500   0.00392100   0.00008832   0.00261267   0.00007214   0.00165881   0.00005745   2.36374550   0.09765664   0.00557981   0.00010536  
    50.500   0.00361433   0.00008490   0.00247726   0.00007019   0.00154530   0.00005552   2.33891753   0.10040402   0.00515963   0.00010144  
    51.500   0.00356455   0.00008427   0.00253700   0.00007103   0.00160504   0.00005658   2.22084367   0.09426663   0.00516959   0.00010150  
    52.500   0.00347693   0.00008318   0.00252505   0.00007092   0.00156322   0.00005577   2.22420382   0.09554470   0.00504015   0.00010015  
    53.500   0.00347494   0.00008311   0.00252705   0.00007089   0.00151941   0.00005506   2.28702490   0.09929813   0.00499435   0.00009970  
    54.500   0.00347494   0.00008321   0.00250514   0.00007059   0.00157318   0.00005595   2.20886076   0.09470350   0.00504812   0.00010027  
    55.500   0.00354463   0.00008399   0.00252107   0.00007087   0.00154331   0.00005542   2.29677419   0.09880828   0.00508794   0.00010062  
    56.500   0.00338732   0.00008206   0.00230003   0.00006764   0.00155725   0.00005567   2.17519182   0.09392876   0.00494457   0.00009916  
    57.500   0.00335346   0.00008170   0.00240756   0.00006920   0.00164686   0.00005724   2.03627570   0.08643331   0.00500032   0.00009976  
    58.500   0.00324792   0.00008041   0.00250713   0.00007073   0.00162894   0.00005693   1.99388753   0.08539742   0.00487686   0.00009852  
    59.500   0.00317026   0.00007939   0.00232193   0.00006796   0.00158712   0.00005620   1.99749059   0.08662881   0.00475738   0.00009727  
    60.500   0.00322004   0.00008001   0.00230799   0.00006787   0.00162296   0.00005683   1.98404908   0.08518555   0.00484301   0.00009814  
    61.500   0.00297112   0.00007691   0.00233986   0.00006828   0.00164089   0.00005714   1.81067961   0.07856640   0.00461201   0.00009582  
    62.500   0.00308264   0.00007834   0.00234185   0.00006837   0.00155327   0.00005567   1.98461538   0.08719165   0.00463590   0.00009610  
    63.500   0.00296515   0.00007694   0.00217856   0.00006583   0.00153734   0.00005538   1.92875648   0.08562895   0.00450248   0.00009480  
    64.500   0.00293528   0.00007645   0.00226219   0.00006708   0.00147162   0.00005419   1.99458728   0.08996003   0.00440690   0.00009371  
    65.500   0.00290341   0.00007598   0.00222237   0.00006655   0.00157517   0.00005598   1.84323641   0.08135550   0.00447859   0.00009438  
    66.500   0.00278393   0.00007446   0.00220046   0.00006622   0.00152340   0.00005506   1.82745098   0.08216479   0.00430733   0.00009260  
    67.500   0.00273216   0.00007371   0.00228012   0.00006735   0.00158314   0.00005620   1.72578616   0.07694563   0.00431529   0.00009269  
    68.500   0.00273216   0.00007371   0.00225821   0.00006702   0.00157517   0.00005598   1.73451327   0.07739689   0.00430733   0.00009256  
    69.500   0.00258081   0.00007164   0.00206107   0.00006416   0.00158513   0.00005616   1.62814070   0.07328252   0.00416594   0.00009103  
    70.500   0.00251510   0.00007073   0.00221639   0.00006646   0.00145967   0.00005389   1.72305593   0.07996968   0.00397477   0.00008892  
    71.500   0.00257882   0.00007167   0.00197544   0.00006269   0.00152937   0.00005517   1.68619792   0.07678193   0.00410819   0.00009044  
    72.500   0.00244341   0.00006983   0.00189777   0.00006145   0.00157915   0.00005606   1.54728878   0.07051115   0.00402256   0.00008954  
    73.500   0.00228609   0.00006743   0.00195552   0.00006237   0.00143777   0.00005349   1.59002770   0.07549083   0.00372386   0.00008607  
    74.500   0.00233986   0.00006822   0.00200332   0.00006313   0.00147361   0.00005415   1.58783784   0.07448337   0.00381347   0.00008710  
    75.500   0.00231198   0.00006781   0.00193959   0.00006212   0.00145171   0.00005375   1.59259259   0.07522497   0.00376368   0.00008653  
    76.500   0.00227215   0.00006729   0.00199336   0.00006297   0.00148556   0.00005437   1.52949062   0.07200721   0.00375771   0.00008651  
    77.500   0.00225025   0.00006696   0.00193362   0.00006209   0.00143578   0.00005353   1.56726768   0.07475950   0.00368602   0.00008573  
    78.500   0.00222834   0.00006664   0.00178227   0.00005955   0.00152340   0.00005506   1.46274510   0.06861585   0.00375174   0.00008644  
    79.500   0.00212479   0.00006507   0.00186989   0.00006099   0.00142980   0.00005341   1.48607242   0.07178837   0.00355459   0.00008419  
    80.500   0.00209094   0.00006449   0.00181214   0.00006004   0.00139993   0.00005278   1.49359886   0.07275627   0.00349087   0.00008334  
    81.500   0.00211682   0.00006489   0.00177232   0.00005938   0.00147560   0.00005419   1.43454791   0.06862284   0.00359243   0.00008454  
    82.500   0.00198938   0.00006291   0.00177431   0.00005942   0.00137803   0.00005237   1.44364162   0.07137047   0.00336740   0.00008185  
    83.500   0.00192366   0.00006186   0.00176435   0.00005925   0.00132426   0.00005134   1.45263158   0.07316657   0.00324792   0.00008039  
    84.500   0.00184201   0.00006054   0.00170859   0.00005831   0.00137603   0.00005233   1.33863965   0.06728269   0.00321805   0.00008002  
    85.500   0.00191370   0.00006170   0.00173249   0.00005871   0.00128244   0.00005052   1.49223602   0.07596326   0.00319614   0.00007975  
    86.500   0.00176833   0.00005932   0.00162097   0.00005679   0.00128244   0.00005052   1.37888199   0.07134205   0.00305077   0.00007791  
    87.500   0.00172452   0.00005858   0.00165283   0.00005735   0.00139595   0.00005271   1.23537803   0.06274062   0.00312047   0.00007880  
    88.500   0.00177431   0.00005948   0.00155128   0.00005556   0.00137404   0.00005229   1.29130435   0.06549011   0.00314835   0.00007920  
    89.500   0.00169067   0.00005800   0.00151145   0.00005484   0.00134218   0.00005168   1.25964392   0.06496081   0.00303285   0.00007768  
    90.500   0.00167275   0.00005769   0.00149552   0.00005462   0.00118885   0.00004864   1.40703518   0.07529317   0.00286159   0.00007546  
    91.500   0.00172253   0.00005861   0.00150946   0.00005481   0.00129240   0.00005071   1.33281972   0.06922434   0.00301493   0.00007751  
    92.500   0.00171058   0.00005848   0.00142383   0.00005330   0.00123664   0.00004961   1.38325282   0.07290517   0.00294722   0.00007668  
    93.500   0.00156123   0.00005574   0.00147560   0.00005426   0.00116893   0.00004823   1.33560477   0.07287430   0.00273016   0.00007371  
    94.500   0.00157716   0.00005602   0.00155725   0.00005567   0.00110720   0.00004694   1.42446043   0.07878691   0.00268436   0.00007309  
    95.500   0.00149751   0.00005459   0.00144175   0.00005356   0.00127248   0.00005032   1.17683881   0.06329534   0.00276999   0.00007424  
    96.500   0.00152140   0.00005502   0.00141785   0.00005312   0.00117092   0.00004827   1.29931973   0.07125663   0.00269233   0.00007320  
    97.500   0.00141984   0.00005315   0.00141387   0.00005304   0.00112911   0.00004757   1.25749559   0.07087462   0.00254895   0.00007133  
    98.500   0.00140192   0.00005282   0.00130036   0.00005087   0.00113110   0.00004753   1.23943662   0.06995108   0.00253302   0.00007106  
    99.500   0.00136807   0.00005225   0.00133621   0.00005157   0.00113906   0.00004761   1.20104895   0.06800634   0.00250713   0.00007069  
   100.500   0.00138997   0.00005259   0.00129837   0.00005083   0.00115300   0.00004790   1.20552677   0.06774363   0.00254298   0.00007114  
   101.500   0.00129240   0.00005071   0.00134417   0.00005172   0.00108729   0.00004652   1.18864469   0.06900635   0.00237968   0.00006882  
   102.500   0.00125456   0.00004997   0.00125058   0.00004989   0.00106339   0.00004601   1.17977528   0.06937610   0.00231795   0.00006792  
   103.500   0.00130833   0.00005103   0.00127248   0.00005032   0.00109326   0.00004673   1.19672131   0.06924673   0.00240159   0.00006919  
   104.500   0.00128045   0.00005048   0.00125058   0.00004989   0.00110521   0.00004699   1.15855856   0.06717156   0.00238566   0.00006896  
   105.500   0.00125655   0.00005001   0.00129837   0.00005091   0.00105343   0.00004579   1.19281664   0.07029682   0.00230999   0.00006780  
   106.500   0.00119880   0.00004884   0.00122071   0.00004929   0.00102954   0.00004527   1.16441006   0.06980028   0.00222834   0.00006660  
   107.500   0.00119880   0.00004884   0.00110720   0.00004694   0.00097776   0.00004411   1.22606925   0.07453652   0.00217656   0.00006582  
   108.500   0.00105144   0.00004583   0.00110720   0.00004694   0.00094391   0.00004334   1.11392405   0.07052843   0.00199535   0.00006308  
   109.500   0.00119880   0.00004884   0.00114703   0.00004778   0.00099170   0.00004443   1.20883534   0.07320364   0.00219050   0.00006603  
   110.500   0.00109127   0.00004660   0.00106737   0.00004609   0.00098772   0.00004434   1.10483871   0.06845504   0.00207899   0.00006433  
   111.500   0.00102157   0.00004509   0.00107136   0.00004618   0.00091404   0.00004275   1.11764706   0.07187321   0.00193561   0.00006213  
   112.500   0.00102555   0.00004518   0.00109127   0.00004660   0.00091603   0.00004270   1.11956522   0.07180655   0.00194158   0.00006217  
   113.500   0.00099967   0.00004461   0.00101161   0.00004487   0.00092001   0.00004279   1.08658009   0.07003632   0.00191968   0.00006181  
   114.500   0.00097975   0.00004416   0.00102755   0.00004522   0.00093196   0.00004307   1.05128205   0.06786497   0.00191171   0.00006169  
   115.500   0.00089811   0.00004228   0.00096183   0.00004375   0.00096581   0.00004384   0.92989691   0.06081525   0.00186392   0.00006091  
   116.500   0.00091603   0.00004270   0.00092200   0.00004284   0.00086226   0.00004152   1.06235566   0.07120206   0.00177829   0.00005956  
   117.500   0.00094391   0.00004334   0.00094789   0.00004344   0.00084633   0.00004104   1.11529412   0.07448841   0.00179024   0.00005969  
   118.500   0.00087819   0.00004181   0.00091205   0.00004261   0.00094590   0.00004339   0.92842105   0.06138012   0.00182409   0.00006026  
   119.500   0.00086226   0.00004143   0.00094192   0.00004330   0.00087023   0.00004162   0.99084668   0.06717186   0.00173249   0.00005872  
   120.500   0.00087023   0.00004162   0.00090408   0.00004242   0.00086226   0.00004143   1.00923788   0.06841864   0.00173249   0.00005872  
   121.500   0.00081845   0.00004036   0.00093196   0.00004316   0.00079057   0.00003967   1.03526448   0.07283724   0.00160902   0.00005659  
   122.500   0.00075473   0.00003876   0.00083637   0.00004080   0.00075871   0.00003886   0.99475066   0.07215339   0.00151344   0.00005489  
   123.500   0.00073481   0.00003825   0.00083637   0.00004080   0.00077464   0.00003927   0.94858612   0.06891940   0.00150946   0.00005482  
   124.500   0.00081248   0.00004022   0.00085430   0.00004124   0.00075672   0.00003881   1.07368421   0.07653018   0.00156920   0.00005589  
   125.500   0.00077663   0.00003932   0.00078659   0.00003957   0.00075871   0.00003886   1.02362205   0.07372057   0.00153534   0.00005528  
   126.500   0.00074079   0.00003840   0.00075274   0.00003871   0.00077265   0.00003922   0.95876289   0.06955823   0.00151344   0.00005489  
   127.500   0.00071291   0.00003767   0.00076269   0.00003896   0.00071689   0.00003788   0.99444444   0.07431445   0.00142980   0.00005342  
   128.500   0.00070096   0.00003735   0.00069100   0.00003709   0.00071092   0.00003762   0.98599440   0.07404836   0.00141188   0.00005301  
   129.500   0.00071888   0.00003783   0.00072884   0.00003809   0.00063724   0.00003562   1.12812500   0.08660218   0.00135612   0.00005196  
   130.500   0.00062927   0.00003539   0.00076668   0.00003907   0.00069499   0.00003730   0.90544413   0.07039393   0.00132426   0.00005142  
   131.500   0.00060936   0.00003483   0.00075871   0.00003886   0.00075075   0.00003866   0.81167109   0.06244332   0.00136010   0.00005203  
   132.500   0.00063724   0.00003562   0.00070893   0.00003757   0.00074676   0.00003856   0.85333333   0.06493006   0.00138400   0.00005249  
   133.500   0.00056555   0.00003355   0.00067109   0.00003655   0.00059542   0.00003443   0.94983278   0.07869075   0.00116097   0.00004808  
   134.500   0.00059940   0.00003454   0.00069100   0.00003709   0.00063325   0.00003551   0.94654088   0.07610637   0.00123266   0.00004954  
   135.500   0.00054763   0.00003302   0.00071092   0.00003762   0.00064520   0.00003584   0.84876543   0.06958216   0.00119283   0.00004873  
   136.500   0.00058944   0.00003426   0.00061932   0.00003511   0.00063724   0.00003562   0.92500000   0.07458384   0.00122668   0.00004942  
   137.500   0.00053369   0.00003260   0.00063126   0.00003545   0.00062131   0.00003517   0.85897436   0.07152982   0.00115499   0.00004795  
   138.500   0.00051975   0.00003217   0.00065317   0.00003606   0.00060139   0.00003460   0.86423841   0.07303036   0.00112114   0.00004724  
   139.500   0.00047992   0.00003091   0.00055957   0.00003338   0.00068304   0.00003687   0.70262391   0.05904900   0.00116296   0.00004812  
   140.500   0.00053568   0.00003266   0.00056356   0.00003350   0.00056555   0.00003355   0.94718310   0.08057521   0.00110123   0.00004682  
   141.500   0.00049784   0.00003148   0.00054962   0.00003308   0.00058148   0.00003402   0.85616438   0.07376276   0.00107932   0.00004635  
   142.500   0.00048789   0.00003117   0.00060139   0.00003472   0.00047594   0.00003078   1.02510460   0.09318726   0.00096382   0.00004380  
   143.500   0.00053568   0.00003266   0.00053966   0.00003278   0.00056157   0.00003344   0.95390071   0.08128656   0.00109724   0.00004674  
   144.500   0.00042416   0.00002906   0.00053568   0.00003266   0.00053767   0.00003272   0.78888889   0.07228800   0.00096183   0.00004376  
   145.500   0.00043810   0.00002953   0.00058148   0.00003402   0.00052174   0.00003223   0.83969466   0.07677701   0.00095984   0.00004371  
   146.500   0.00047594   0.00003078   0.00049784   0.00003148   0.00056953   0.00003367   0.83566434   0.07322734   0.00104547   0.00004562  
   147.500   0.00039230   0.00002795   0.00048191   0.00003097   0.00053568   0.00003266   0.73234201   0.06866706   0.00092798   0.00004298  
   148.500   0.00037836   0.00002745   0.00052572   0.00003235   0.00049585   0.00003142   0.76305221   0.07349595   0.00087421   0.00004172  
   149.500   0.00040823   0.00002851   0.00050581   0.00003173   0.00049585   0.00003142   0.82329317   0.07763493   0.00090408   0.00004243  
   150.500   0.00042615   0.00002913   0.00050979   0.00003186   0.00053170   0.00003253   0.80149813   0.07352942   0.00095785   0.00004367  
   151.500   0.00039429   0.00002802   0.00044407   0.00002973   0.00058546   0.00003414   0.67346939   0.06190746   0.00097975   0.00004417  
   152.500   0.00039827   0.00002816   0.00041420   0.00002885   0.00047793   0.00003085   0.83333333   0.07977693   0.00087620   0.00004177  
   153.500   0.00036840   0.00002708   0.00048988   0.00003123   0.00044407   0.00002973   0.82959641   0.08249259   0.00081248   0.00004022  
   154.500   0.00032459   0.00002542   0.00043810   0.00002953   0.00046200   0.00003033   0.70258621   0.07179910   0.00078659   0.00003957  
   155.500   0.00038035   0.00002752   0.00047195   0.00003065   0.00044208   0.00002967   0.86036036   0.08490198   0.00082243   0.00004047  
   156.500   0.00030667   0.00002471   0.00042018   0.00002892   0.00047395   0.00003072   0.64705882   0.06691100   0.00078062   0.00003942  
   157.500   0.00029472   0.00002439   0.00041420   0.00002872   0.00043810   0.00002953   0.67272727   0.07180092   0.00073282   0.00003830  
   158.500   0.00032260   0.00002534   0.00041420   0.00002872   0.00044009   0.00002960   0.73303167   0.07581027   0.00076269   0.00003897  
   159.500   0.00032260   0.00002534   0.00035845   0.00002671   0.00038433   0.00002766   0.83937824   0.08943296   0.00070694   0.00003752  
   160.500   0.00029871   0.00002439   0.00035048   0.00002642   0.00040226   0.00002830   0.74257426   0.08002997   0.00070096   0.00003736  
   161.500   0.00031663   0.00002511   0.00038832   0.00002781   0.00036442   0.00002694   0.86885246   0.09418857   0.00068105   0.00003682  
   162.500   0.00029472   0.00002422   0.00037039   0.00002716   0.00038234   0.00002759   0.77083333   0.08431062   0.00067706   0.00003672  
   163.500   0.00029273   0.00002414   0.00036840   0.00002708   0.00035645   0.00002664   0.82122905   0.09140143   0.00064919   0.00003595  
   164.500   0.00027879   0.00002356   0.00035247   0.00002649   0.00037239   0.00002723   0.74866310   0.08366443   0.00065118   0.00003601  
   165.500   0.00026883   0.00002314   0.00031065   0.00002487   0.00033057   0.00002565   0.81325301   0.09424445   0.00059940   0.00003455  
   166.500   0.00028078   0.00002364   0.00031862   0.00002519   0.00035048   0.00002642   0.80113636   0.09053913   0.00063126   0.00003545  
   167.500   0.00021706   0.00002098   0.00035247   0.00002649   0.00037438   0.00002730   0.57978723   0.07019930   0.00059144   0.00003443  
   168.500   0.00025091   0.00002235   0.00034849   0.00002634   0.00034650   0.00002627   0.72413793   0.08470137   0.00059741   0.00003449  
   169.500   0.00026286   0.00002288   0.00034650   0.00002627   0.00028875   0.00002398   0.91034483   0.10950778   0.00055161   0.00003314  
   170.500   0.00025091   0.00002235   0.00029273   0.00002414   0.00035446   0.00002657   0.70786517   0.08240625   0.00060538   0.00003472  
   171.500   0.00022702   0.00002126   0.00034451   0.00002619   0.00030667   0.00002471   0.74025974   0.09145563   0.00053369   0.00003260  
   172.500   0.00019914   0.00001991   0.00032459   0.00002542   0.00028477   0.00002381   0.69930070   0.09115356   0.00048390   0.00003104  
   173.500   0.00023100   0.00002145   0.00028875   0.00002398   0.00029074   0.00002406   0.79452055   0.09881490   0.00052174   0.00003223  
   174.500   0.00019914   0.00001991   0.00025490   0.00002253   0.00029671   0.00002431   0.67114094   0.08675498   0.00049585   0.00003142  
   175.500   0.00024892   0.00002226   0.00026883   0.00002314   0.00031464   0.00002503   0.79113924   0.09469617   0.00056356   0.00003350  
   176.500   0.00019715   0.00001981   0.00026883   0.00002314   0.00029472   0.00002422   0.66891892   0.08684560   0.00049187   0.00003129  
   177.500   0.00019515   0.00001971   0.00027481   0.00002339   0.00029074   0.00002406   0.67123288   0.08765028   0.00048589   0.00003110  
   178.500   0.00022702   0.00002126   0.00022901   0.00002135   0.00025888   0.00002270   0.87692308   0.11251387   0.00048589   0.00003110  
   179.500   0.00021308   0.00002060   0.00026087   0.00002279   0.00028477   0.00002381   0.74825175   0.09563819   0.00049784   0.00003148  
   180.500   0.00018121   0.00001900   0.00019515   0.00001971   0.00023100   0.00002145   0.78448276   0.10984918   0.00041221   0.00002865  
   181.500   0.00019715   0.00001981   0.00025888   0.00002270   0.00022901   0.00002135   0.86086957   0.11801976   0.00042615   0.00002913  
   182.500   0.00018321   0.00001910   0.00021706   0.00002079   0.00027083   0.00002322   0.67647059   0.09131229   0.00045403   0.00003007  
   183.500   0.00017524   0.00001868   0.00022901   0.00002135   0.00026485   0.00002296   0.66165414   0.09091533   0.00044009   0.00002960  
   184.500   0.00018520   0.00001920   0.00022104   0.00002098   0.00028676   0.00002389   0.64583333   0.08591074   0.00047195   0.00003065  
   185.500   0.00015931   0.00001781   0.00021905   0.00002088   0.00021706   0.00002079   0.73394495   0.10804787   0.00037637   0.00002738  
   186.500   0.00014139   0.00001678   0.00021108   0.00002050   0.00025091   0.00002235   0.56349206   0.08361551   0.00039230   0.00002795  
   187.500   0.00018321   0.00001910   0.00021108   0.00002050   0.00023299   0.00002154   0.78632479   0.10956353   0.00041620   0.00002879  
   188.500   0.00018520   0.00001920   0.00019316   0.00001961   0.00024892   0.00002226   0.74400000   0.10187829   0.00043412   0.00002940  
   189.500   0.00014537   0.00001701   0.00020113   0.00002001   0.00021507   0.00002069   0.67592593   0.10241092   0.00036044   0.00002679  
   190.500   0.00011351   0.00001503   0.00020710   0.00002031   0.00024295   0.00002199   0.46721311   0.07495617   0.00035645   0.00002664  
   191.500   0.00013541   0.00001642   0.00019316   0.00001961   0.00025290   0.00002244   0.53543307   0.08045388   0.00038832   0.00002781  
   192.500   0.00012944   0.00001605   0.00020113   0.00002001   0.00022502   0.00002117   0.57522124   0.08954291   0.00035446   0.00002657  
   193.500   0.00013740   0.00001654   0.00018918   0.00001941   0.00021905   0.00002088   0.62727273   0.09632604   0.00035645   0.00002664  
   194.500   0.00013740   0.00001654   0.00017723   0.00001879   0.00017325   0.00001857   0.79310345   0.12784724   0.00031065   0.00002487  
   195.500   0.00013342   0.00001630   0.00017126   0.00001847   0.00021308   0.00002060   0.62616822   0.09754804   0.00034650   0.00002627  
   196.500   0.00011948   0.00001542   0.00018321   0.00001910   0.00018719   0.00001931   0.63829787   0.10546986   0.00030667   0.00002471  
   197.500   0.00012546   0.00001581   0.00015334   0.00001747   0.00016329   0.00001803   0.76829268   0.12871172   0.00028875   0.00002398  
   198.500   0.00012944   0.00001605   0.00016528   0.00001814   0.00017922   0.00001889   0.72222222   0.11755536   0.00030866   0.00002479  
   199.500   0.00010953   0.00001477   0.00015134   0.00001736   0.00018321   0.00001910   0.59782609   0.10189278   0.00029273   0.00002414  
   200.500   0.00012346   0.00001568   0.00014736   0.00001713   0.00017723   0.00001879   0.69662921   0.11523476   0.00030070   0.00002447  
   201.500   0.00011749   0.00001530   0.00016329   0.00001803   0.00016927   0.00001836   0.69411765   0.11761529   0.00028676   0.00002390  
   202.500   0.00010156   0.00001422   0.00013143   0.00001618   0.00013740   0.00001654   0.73913043   0.13648641   0.00023896   0.00002181  
   203.500   0.00011351   0.00001503   0.00015533   0.00001759   0.00016528   0.00001814   0.68674699   0.11813258   0.00027879   0.00002356  
   204.500   0.00008961   0.00001336   0.00015334   0.00001747   0.00018719   0.00001931   0.47872340   0.08677782   0.00027680   0.00002348  
   205.500   0.00011550   0.00001517   0.00013342   0.00001630   0.00018918   0.00001941   0.61052632   0.10173227   0.00030468   0.00002463  
   206.500   0.00006572   0.00001144   0.00014139   0.00001678   0.00015732   0.00001770   0.41772152   0.08657954   0.00022303   0.00002107  
   207.500   0.00009559   0.00001380   0.00011550   0.00001517   0.00016528   0.00001814   0.57831325   0.10486390   0.00026087   0.00002279  
   208.500   0.00008961   0.00001336   0.00011152   0.00001490   0.00016528   0.00001814   0.54216867   0.10036481   0.00025490   0.00002253  
   209.500   0.00010156   0.00001422   0.00014139   0.00001678   0.00016329   0.00001803   0.62195122   0.11091149   0.00026485   0.00002296  
   210.500   0.00011550   0.00001517   0.00013342   0.00001630   0.00011948   0.00001542   0.96666667   0.17799809   0.00023498   0.00002163  
   211.500   0.00009758   0.00001394   0.00015533   0.00001759   0.00016329   0.00001803   0.59756098   0.10789458   0.00026087   0.00002279  
   212.500   0.00008762   0.00001321   0.00010355   0.00001436   0.00012147   0.00001555   0.72131148   0.14266425   0.00020909   0.00002040  
   213.500   0.00009359   0.00001365   0.00012944   0.00001605   0.00012745   0.00001593   0.73437500   0.14106807   0.00022104   0.00002098  
   214.500   0.00007368   0.00001211   0.00013541   0.00001642   0.00014537   0.00001701   0.50684932   0.10228273   0.00021905   0.00002089  
   215.500   0.00007766   0.00001244   0.00011948   0.00001542   0.00010753   0.00001463   0.72222222   0.15176560   0.00018520   0.00001920  
   216.500   0.00008961   0.00001336   0.00009559   0.00001380   0.00012147   0.00001555   0.73770492   0.14496170   0.00021108   0.00002050  
   217.500   0.00005974   0.00001091   0.00008961   0.00001336   0.00011351   0.00001503   0.52631579   0.11871333   0.00017325   0.00001857  
   218.500   0.00006572   0.00001144   0.00012346   0.00001568   0.00014736   0.00001713   0.44594595   0.09334507   0.00021308   0.00002060  
   219.500   0.00006771   0.00001161   0.00010355   0.00001436   0.00012546   0.00001581   0.53968254   0.11484311   0.00019316   0.00001961  
   220.500   0.00008364   0.00001291   0.00008364   0.00001291   0.00011550   0.00001517   0.72413793   0.14671419   0.00019914   0.00001991  
   221.500   0.00005974   0.00001091   0.00010753   0.00001463   0.00011749   0.00001530   0.50847458   0.11401684   0.00017723   0.00001879  
   222.500   0.00005576   0.00001054   0.00009160   0.00001351   0.00008961   0.00001336   0.62222222   0.14976634   0.00014537   0.00001701  
   223.500   0.00008364   0.00001291   0.00007965   0.00001259   0.00011948   0.00001542   0.70000000   0.14082740   0.00020312   0.00002011  
   224.500   0.00006771   0.00001161   0.00008961   0.00001336   0.00009359   0.00001365   0.72340426   0.16286458   0.00016130   0.00001792  
   225.500   0.00005775   0.00001072   0.00009160   0.00001351   0.00010753   0.00001463   0.53703704   0.12363437   0.00016528   0.00001814  
   226.500   0.00005775   0.00001072   0.00009160   0.00001351   0.00007965   0.00001259   0.72500000   0.17681792   0.00013740   0.00001654  
   227.500   0.00004978   0.00000996   0.00008762   0.00001321   0.00012944   0.00001605   0.38461538   0.09051351   0.00017922   0.00001889  
   228.500   0.00005178   0.00001015   0.00007169   0.00001195   0.00012745   0.00001593   0.40625000   0.09447784   0.00017922   0.00001889  
   229.500   0.00006372   0.00001126   0.00007965   0.00001259   0.00007965   0.00001259   0.80000000   0.18973330   0.00014338   0.00001690  
   230.500   0.00005576   0.00001054   0.00006970   0.00001178   0.00008961   0.00001336   0.62222222   0.14976634   0.00014537   0.00001701  
   231.500   0.00005178   0.00001015   0.00007169   0.00001195   0.00010953   0.00001477   0.47272727   0.11250648   0.00016130   0.00001792  
   232.500   0.00004978   0.00000996   0.00007169   0.00001195   0.00007965   0.00001259   0.62500000   0.15934192   0.00012944   0.00001605  
   233.500   0.00004779   0.00000976   0.00007965   0.00001259   0.00010953   0.00001477   0.43636364   0.10675001   0.00015732   0.00001770  
   234.500   0.00005178   0.00001015   0.00005377   0.00001035   0.00007368   0.00001211   0.70270270   0.17982405   0.00012546   0.00001581  
   235.500   0.00003186   0.00000797   0.00006572   0.00001144   0.00009559   0.00001380   0.33333333   0.09622389   0.00012745   0.00001593  
   236.500   0.00003784   0.00000868   0.00006372   0.00001126   0.00007766   0.00001244   0.48717949   0.13629765   0.00011550   0.00001517  
   237.500   0.00004779   0.00000976   0.00007368   0.00001211   0.00007965   0.00001259   0.60000000   0.15491703   0.00012745   0.00001593  
   238.500   0.00005377   0.00001035   0.00004978   0.00000996   0.00007965   0.00001259   0.67500000   0.16812114   0.00013342   0.00001630  
   239.500   0.00004182   0.00000913   0.00007766   0.00001244   0.00007567   0.00001228   0.55263158   0.15026381   0.00011749   0.00001530  
   240.500   0.00003584   0.00000845   0.00006372   0.00001126   0.00006372   0.00001126   0.56250000   0.16572625   0.00009957   0.00001408  
   241.500   0.00002987   0.00000771   0.00004978   0.00000996   0.00006771   0.00001161   0.44117647   0.13674793   0.00009758   0.00001394  
   242.500   0.00004182   0.00000913   0.00004779   0.00000976   0.00006771   0.00001161   0.61764706   0.17142217   0.00010953   0.00001477  
   243.500   0.00003983   0.00000891   0.00005576   0.00001054   0.00005576   0.00001054   0.71428571   0.20911902   0.00009559   0.00001380  
   244.500   0.00004580   0.00000955   0.00005775   0.00001072   0.00005974   0.00001091   0.76666667   0.21247818   0.00010554   0.00001450  
   245.500   0.00004182   0.00000913   0.00006970   0.00001178   0.00004580   0.00000955   0.91304348   0.27557478   0.00008762   0.00001321  
   246.500   0.00003983   0.00000891   0.00004978   0.00000996   0.00006372   0.00001126   0.62500000   0.17815023   0.00010355   0.00001436  
   247.500   0.00003983   0.00000891   0.00004978   0.00000996   0.00007965   0.00001259   0.50000000   0.13692883   0.00011948   0.00001542  
   248.500   0.00002987   0.00000771   0.00004978   0.00000996   0.00006572   0.00001144   0.45454545   0.14154380   0.00009559   0.00001380  
   249.500   0.00002390   0.00000690   0.00006372   0.00001126   0.00005178   0.00001015   0.46153846   0.16107155   0.00007567   0.00001228  
   250.500   0.00003385   0.00000821   0.00006173   0.00001109   0.00004580   0.00000955   0.73913043   0.23640599   0.00007965   0.00001259  
   251.500   0.00001792   0.00000597   0.00006173   0.00001109   0.00005377   0.00001035   0.33333333   0.12829920   0.00007169   0.00001195  
   252.500   0.00002788   0.00000745   0.00004381   0.00000934   0.00004182   0.00000913   0.66666667   0.23001994   0.00006970   0.00001178  
   253.500   0.00001792   0.00000597   0.00002788   0.00000745   0.00004182   0.00000913   0.42857143   0.17074588   0.00005974   0.00001091  
   254.500   0.00003385   0.00000821   0.00003385   0.00000821   0.00005377   0.00001035   0.62962963   0.19493986   0.00008762   0.00001321  
   255.500   0.00002987   0.00000771   0.00004580   0.00000955   0.00004182   0.00000913   0.71428571   0.24147054   0.00007169   0.00001195  
   256.500   0.00002788   0.00000745   0.00003983   0.00000891   0.00005974   0.00001091   0.46666667   0.15104430   0.00008762   0.00001321  
   257.500   0.00002191   0.00000660   0.00002788   0.00000745   0.00004381   0.00000934   0.50000000   0.18463590   0.00006572   0.00001144  
   258.500   0.00002589   0.00000718   0.00002390   0.00000690   0.00004779   0.00000976   0.54166667   0.18653144   0.00007368   0.00001211  
   259.500   0.00002987   0.00000771   0.00002191   0.00000660   0.00004779   0.00000976   0.62500000   0.20571079   0.00007766   0.00001244  
   260.500   0.00003385   0.00000821   0.00002987   0.00000771   0.00004978   0.00000996   0.68000000   0.21376408   0.00008364   0.00001291  
   261.500   0.00002589   0.00000718   0.00001792   0.00000597   0.00003584   0.00000845   0.72222222   0.26286968   0.00006173   0.00001109  
   262.500   0.00002191   0.00000660   0.00003983   0.00000891   0.00003784   0.00000868   0.57894737   0.21934289   0.00005974   0.00001091  
   263.500   0.00002390   0.00000690   0.00003584   0.00000845   0.00003983   0.00000891   0.60000000   0.21908738   0.00006372   0.00001126  
   264.500   0.00002589   0.00000718   0.00002987   0.00000771   0.00003584   0.00000845   0.72222222   0.26286968   0.00006173   0.00001109  
   265.500   0.00002987   0.00000771   0.00002788   0.00000745   0.00003784   0.00000868   0.78947368   0.27267860   0.00006771   0.00001161  
   266.500   0.00001593   0.00000563   0.00002191   0.00000660   0.00004182   0.00000913   0.38095238   0.15827508   0.00005775   0.00001072  
   267.500   0.00001195   0.00000488   0.00002589   0.00000718   0.00004182   0.00000913   0.28571429   0.13225940   0.00005377   0.00001035  
   268.500   0.00002390   0.00000690   0.00002390   0.00000690   0.00004381   0.00000934   0.54545455   0.19574591   0.00006771   0.00001161  
   269.500   0.00001593   0.00000563   0.00002191   0.00000660   0.00003983   0.00000891   0.40000000   0.16733106   0.00005576   0.00001054  
   270.500   0.00001195   0.00000488   0.00002987   0.00000771   0.00003784   0.00000868   0.31578947   0.14788131   0.00004978   0.00000996  
   271.500   0.00001394   0.00000527   0.00003385   0.00000821   0.00001394   0.00000527   1.00000000   0.53452063   0.00002788   0.00000745  
   272.500   0.00001593   0.00000563   0.00002987   0.00000771   0.00002987   0.00000771   0.53333333   0.23349079   0.00004580   0.00000955  
   273.500   0.00001394   0.00000527   0.00002191   0.00000660   0.00002987   0.00000771   0.46666667   0.21360991   0.00004381   0.00000934  
   274.500   0.00000797   0.00000398   0.00002987   0.00000771   0.00002987   0.00000771   0.26666667   0.15006125   0.00003784   0.00000868  
   275.500   0.00004182   0.00000913   0.00002390   0.00000690   0.00002788   0.00000745   1.50000000   0.51754486   0.00006970   0.00001178  
   276.500   0.00002390   0.00000690   0.00002191   0.00000660   0.00003385   0.00000821   0.70588235   0.26614187   0.00005775   0.00001072  
   277.500   0.00000597   0.00000345   0.00001792   0.00000597   0.00003584   0.00000845   0.16666667   0.10393467   0.00004182   0.00000913  
   278.500   0.00002390   0.00000690   0.00001394   0.00000527   0.00002191   0.00000660   1.09090909   0.45536856   0.00004580   0.00000955  
   279.500   0.00001394   0.00000527   0.00002191   0.00000660   0.00003385   0.00000821   0.41176471   0.18491797   0.00004779   0.00000976  
   280.500   0.00001195   0.00000488   0.00002191   0.00000660   0.00002987   0.00000771   0.40000000   0.19321754   0.00004182   0.00000913  
   281.500   0.00002589   0.00000718   0.00002589   0.00000718   0.00002191   0.00000660   1.18181818   0.48415643   0.00004779   0.00000976  
   282.500   0.00001792   0.00000597   0.00002589   0.00000718   0.00002987   0.00000771   0.60000000   0.25298080   0.00004779   0.00000976  
   283.500   0.00001195   0.00000488   0.00002390   0.00000690   0.00002589   0.00000718   0.46153846   0.22779051   0.00003784   0.00000868  
   284.500   0.00000996   0.00000445   0.00002589   0.00000718   0.00002589   0.00000718   0.38461538   0.20239728   0.00003584   0.00000845  
   285.500   0.00000597   0.00000345   0.00003186   0.00000797   0.00002788   0.00000745   0.21428571   0.13633017   0.00003385   0.00000821  
   286.500   0.00001195   0.00000488   0.00002390   0.00000690   0.00001394   0.00000527   0.85714286   0.47686876   0.00002589   0.00000718  
   287.500   0.00001593   0.00000563   0.00001394   0.00000527   0.00000996   0.00000445   1.60000000   0.91213756   0.00002589   0.00000718  
   288.500   0.00001195   0.00000488   0.00001991   0.00000630   0.00001593   0.00000563   0.75000000   0.40504492   0.00002788   0.00000745  
   289.500   0.00001394   0.00000527   0.00001394   0.00000527   0.00001991   0.00000630   0.70000000   0.34496236   0.00003385   0.00000821  
   290.500   0.00001195   0.00000488   0.00001593   0.00000563   0.00002589   0.00000718   0.46153846   0.22779051   0.00003784   0.00000868  
   291.500   0.00001593   0.00000563   0.00001991   0.00000630   0.00003186   0.00000797   0.50000000   0.21650520   0.00004779   0.00000976  
   292.500   0.00000797   0.00000398   0.00001792   0.00000597   0.00001195   0.00000488   0.66666667   0.43033048   0.00001991   0.00000630  
   293.500   0.00000199   0.00000199   0.00002191   0.00000660   0.00001593   0.00000563   0.12500000   0.13258241   0.00001792   0.00000597  
   294.500   0.00000797   0.00000398   0.00001792   0.00000597   0.00000597   0.00000345   1.33333333   1.01834842   0.00001394   0.00000527  
   295.500   0.00000597   0.00000345   0.00001195   0.00000488   0.00001991   0.00000630   0.30000000   0.19748373   0.00002589   0.00000718  
   296.500   0.00001991   0.00000630   0.00001195   0.00000488   0.00001593   0.00000563   1.25000000   0.59292442   0.00003584   0.00000845  
   297.500   0.00000996   0.00000445   0.00001195   0.00000488   0.00000797   0.00000398   1.25000000   0.83852365   0.00001792   0.00000597  
   298.500   0.00001593   0.00000563   0.00001394   0.00000527   0.00001195   0.00000488   1.33333333   0.72007986   0.00002788   0.00000745  
   299.500   0.00000797   0.00000398   0.00000797   0.00000398   0.00002589   0.00000718   0.30769231   0.17592928   0.00003385   0.00000821  
