  0.500   0.00117413   0.00004841   0.00018109   0.00001898   0.00020896   0.00002039   5.61904762   0.59526061   0.00138308   0.00005253  
     1.500   0.00204776   0.00006393   0.00035025   0.00002640   0.00036020   0.00002677   5.68508287   0.45829199   0.00240796   0.00006931  
     2.500   0.00238209   0.00006893   0.00041791   0.00002884   0.00041791   0.00002884   5.70000000   0.42647764   0.00280000   0.00007471  
     3.500   0.00274428   0.00007385   0.00047562   0.00003076   0.00049751   0.00003146   5.51600000   0.37908902   0.00324179   0.00008027  
     4.500   0.00307065   0.00007811   0.00053731   0.00003270   0.00053731   0.00003270   5.71481481   0.37690933   0.00360796   0.00008468  
     5.500   0.00317811   0.00007951   0.00060100   0.00003458   0.00062886   0.00003537   5.05379747   0.31110732   0.00380697   0.00008703  
     6.500   0.00332935   0.00008133   0.00069851   0.00003728   0.00072239   0.00003801   4.60881543   0.26738032   0.00405174   0.00008977  
     7.500   0.00346269   0.00008294   0.00078607   0.00003954   0.00070846   0.00003754   4.88764045   0.28422843   0.00417114   0.00009104  
     8.500   0.00359801   0.00008464   0.00089552   0.00004221   0.00068856   0.00003701   5.22543353   0.30659112   0.00428657   0.00009237  
     9.500   0.00378109   0.00008675   0.00100498   0.00004471   0.00077811   0.00003934   4.85933504   0.26981252   0.00455920   0.00009526  
    10.500   0.00380697   0.00008714   0.00111841   0.00004716   0.00080199   0.00003994   4.74689826   0.26018566   0.00460896   0.00009586  
    11.500   0.00389055   0.00008800   0.00109851   0.00004674   0.00077015   0.00003914   5.05167959   0.28101804   0.00466070   0.00009631  
    12.500   0.00397413   0.00008889   0.00119602   0.00004877   0.00087562   0.00004173   4.53863636   0.23895780   0.00484975   0.00009820  
    13.500   0.00386866   0.00008766   0.00130746   0.00005107   0.00090547   0.00004244   4.27252747   0.22242663   0.00477413   0.00009739  
    14.500   0.00401791   0.00008937   0.00138507   0.00005248   0.00088557   0.00004197   4.53707865   0.23753616   0.00490348   0.00009874  
    15.500   0.00389453   0.00008804   0.00156617   0.00005581   0.00088955   0.00004207   4.37807606   0.22947038   0.00478408   0.00009757  
    16.500   0.00417313   0.00009108   0.00174925   0.00005898   0.00094527   0.00004336   4.41473684   0.22426687   0.00511841   0.00010087  
    17.500   0.00411343   0.00009060   0.00170547   0.00005830   0.00096318   0.00004377   4.27066116   0.21566878   0.00507662   0.00010062  
    18.500   0.00412736   0.00009062   0.00167562   0.00005772   0.00096517   0.00004382   4.27628866   0.21564352   0.00509254   0.00010066  
    19.500   0.00420896   0.00009164   0.00180299   0.00005987   0.00097512   0.00004404   4.31632653   0.21641439   0.00518408   0.00010167  
    20.500   0.00408159   0.00009017   0.00195224   0.00006230   0.00105473   0.00004580   3.86981132   0.18854346   0.00513632   0.00010113  
    21.500   0.00414925   0.00009091   0.00202786   0.00006349   0.00104876   0.00004576   3.95635674   0.19316345   0.00519801   0.00010177  
    22.500   0.00440398   0.00009364   0.00221095   0.00006630   0.00105473   0.00004580   4.17547170   0.20189184   0.00545871   0.00010424  
    23.500   0.00433632   0.00009292   0.00221493   0.00006635   0.00113234   0.00004746   3.82952548   0.18025920   0.00546866   0.00010434  
    24.500   0.00439005   0.00009345   0.00225672   0.00006698   0.00105473   0.00004580   4.16226415   0.20129759   0.00544478   0.00010407  
    25.500   0.00446567   0.00009421   0.00227463   0.00006730   0.00113035   0.00004741   3.95070423   0.18549822   0.00559602   0.00010547  
    26.500   0.00450746   0.00009469   0.00226667   0.00006718   0.00109453   0.00004666   4.11818182   0.19570996   0.00560199   0.00010556  
    27.500   0.00430050   0.00009241   0.00240597   0.00006921   0.00121592   0.00004918   3.53682488   0.16197807   0.00551642   0.00010468  
    28.500   0.00441990   0.00009377   0.00233831   0.00006818   0.00115622   0.00004795   3.82271945   0.17808453   0.00557612   0.00010532  
    29.500   0.00432637   0.00009282   0.00248159   0.00007029   0.00118806   0.00004861   3.64154104   0.16823379   0.00551443   0.00010477  
    30.500   0.00438408   0.00009347   0.00251741   0.00007074   0.00138905   0.00005263   3.15616046   0.13722420   0.00577313   0.00010727  
    31.500   0.00449154   0.00009452   0.00243781   0.00006967   0.00136318   0.00005214   3.29489051   0.14384669   0.00585473   0.00010795  
    32.500   0.00439005   0.00009337   0.00260697   0.00007198   0.00129552   0.00005076   3.38863287   0.15106681   0.00568557   0.00010627  
    33.500   0.00444378   0.00009398   0.00258706   0.00007171   0.00134129   0.00005165   3.31305638   0.14554535   0.00578507   0.00010723  
    34.500   0.00446567   0.00009433   0.00256517   0.00007140   0.00133134   0.00005146   3.35426009   0.14773982   0.00579701   0.00010745  
    35.500   0.00446965   0.00009442   0.00263483   0.00007236   0.00130547   0.00005095   3.42378049   0.15194869   0.00577512   0.00010729  
    36.500   0.00449353   0.00009454   0.00250149   0.00007057   0.00134328   0.00005169   3.34518519   0.14669870   0.00583682   0.00010775  
    37.500   0.00445572   0.00009427   0.00266866   0.00007288   0.00137114   0.00005222   3.24963716   0.14157425   0.00582687   0.00010777  
    38.500   0.00442786   0.00009385   0.00265274   0.00007261   0.00144279   0.00005356   3.06896552   0.13119842   0.00587065   0.00010806  
    39.500   0.00438607   0.00009341   0.00271045   0.00007356   0.00142289   0.00005319   3.08251748   0.13262548   0.00580896   0.00010749  
    40.500   0.00441194   0.00009372   0.00272040   0.00007358   0.00155821   0.00005574   2.83141762   0.11779147   0.00597015   0.00010904  
    41.500   0.00428060   0.00009228   0.00266468   0.00007277   0.00145672   0.00005382   2.93852459   0.12570206   0.00573731   0.00010683  
    42.500   0.00413134   0.00009058   0.00262289   0.00007220   0.00146070   0.00005390   2.82833787   0.12139150   0.00559204   0.00010540  
    43.500   0.00419104   0.00009123   0.00259502   0.00007187   0.00144080   0.00005353   2.90883978   0.12525111   0.00563184   0.00010577  
    44.500   0.00409552   0.00009023   0.00256716   0.00007143   0.00164975   0.00005727   2.48250905   0.10207501   0.00574527   0.00010687  
    45.500   0.00391443   0.00008826   0.00259104   0.00007176   0.00150846   0.00005477   2.59498681   0.11090930   0.00542289   0.00010388  
    46.500   0.00405174   0.00008979   0.00263085   0.00007231   0.00158607   0.00005616   2.55457967   0.10670805   0.00563781   0.00010591  
    47.500   0.00397612   0.00008895   0.00255920   0.00007132   0.00150050   0.00005462   2.64986737   0.11322634   0.00547662   0.00010439  
    48.500   0.00397214   0.00008886   0.00261493   0.00007215   0.00159005   0.00005623   2.49812265   0.10453617   0.00556219   0.00010516  
    49.500   0.00387264   0.00008779   0.00250149   0.00007057   0.00161791   0.00005679   2.39360394   0.10001653   0.00549055   0.00010456  
    50.500   0.00376318   0.00008650   0.00247960   0.00007026   0.00158408   0.00005612   2.37562814   0.10033117   0.00534726   0.00010311  
    51.500   0.00378507   0.00008675   0.00254527   0.00007113   0.00154428   0.00005541   2.45103093   0.10436283   0.00532935   0.00010294  
    52.500   0.00370149   0.00008593   0.00250149   0.00007062   0.00155025   0.00005552   2.38767651   0.10190803   0.00525174   0.00010231  
    53.500   0.00359204   0.00008457   0.00257313   0.00007151   0.00152637   0.00005509   2.35332464   0.10141260   0.00511841   0.00010093  
    54.500   0.00348060   0.00008330   0.00240995   0.00006921   0.00157612   0.00005598   2.20833333   0.09458147   0.00505672   0.00010036  
    55.500   0.00341891   0.00008246   0.00252537   0.00007085   0.00163582   0.00005703   2.09002433   0.08860581   0.00505473   0.00010026  
    56.500   0.00351443   0.00008370   0.00235224   0.00006838   0.00157811   0.00005609   2.22698613   0.09527753   0.00509254   0.00010075  
    57.500   0.00348458   0.00008330   0.00247761   0.00007023   0.00168557   0.00005789   2.06729634   0.08650726   0.00517015   0.00010144  
    58.500   0.00337313   0.00008196   0.00240995   0.00006927   0.00180896   0.00006010   1.86468647   0.07675453   0.00518209   0.00010164  
    59.500   0.00332139   0.00008123   0.00246965   0.00007006   0.00159801   0.00005637   2.07845579   0.08921639   0.00491940   0.00009888  
    60.500   0.00307065   0.00007816   0.00248756   0.00007043   0.00155622   0.00005570   1.97314578   0.08666089   0.00462687   0.00009598  
    61.500   0.00311841   0.00007882   0.00229851   0.00006759   0.00167761   0.00005776   1.85883749   0.07938870   0.00479602   0.00009771  
    62.500   0.00303284   0.00007768   0.00223085   0.00006659   0.00170348   0.00005833   1.78037383   0.07613513   0.00473632   0.00009715  
    63.500   0.00307662   0.00007824   0.00232239   0.00006800   0.00161592   0.00005675   1.90394089   0.08255813   0.00469254   0.00009666  
    64.500   0.00297114   0.00007689   0.00220299   0.00006618   0.00151244   0.00005499   1.96447368   0.08766516   0.00448358   0.00009453  
    65.500   0.00289950   0.00007591   0.00227662   0.00006727   0.00154428   0.00005541   1.87757732   0.08339935   0.00444378   0.00009398  
    66.500   0.00288557   0.00007572   0.00218308   0.00006588   0.00154826   0.00005556   1.86375321   0.08285460   0.00443383   0.00009392  
    67.500   0.00285771   0.00007536   0.00228060   0.00006733   0.00154229   0.00005538   1.85290323   0.08254702   0.00440000   0.00009352  
    68.500   0.00289154   0.00007591   0.00206169   0.00006408   0.00151841   0.00005495   1.90432503   0.08513743   0.00440995   0.00009371  
    69.500   0.00272239   0.00007361   0.00212736   0.00006503   0.00154030   0.00005534   1.76744186   0.07947717   0.00426269   0.00009209  
    70.500   0.00268259   0.00007312   0.00206766   0.00006417   0.00149254   0.00005448   1.79733333   0.08188001   0.00417512   0.00009119  
    71.500   0.00248557   0.00007029   0.00207363   0.00006421   0.00146667   0.00005401   1.69470828   0.07868089   0.00395224   0.00008864  
    72.500   0.00256517   0.00007157   0.00192239   0.00006189   0.00150448   0.00005470   1.70502646   0.07813724   0.00406965   0.00009008  
    73.500   0.00256119   0.00007140   0.00194030   0.00006211   0.00156219   0.00005574   1.63949045   0.07423296   0.00412338   0.00009058  
    74.500   0.00242388   0.00006941   0.00197811   0.00006277   0.00152836   0.00005520   1.58593750   0.07309954   0.00395224   0.00008868  
    75.500   0.00230647   0.00006771   0.00185871   0.00006079   0.00145871   0.00005393   1.58117326   0.07464749   0.00376517   0.00008656  
    76.500   0.00226468   0.00006709   0.00196816   0.00006255   0.00136915   0.00005218   1.65406977   0.07984606   0.00363383   0.00008500  
    77.500   0.00234030   0.00006820   0.00180896   0.00006004   0.00151642   0.00005499   1.54330709   0.07179498   0.00385672   0.00008761  
    78.500   0.00228657   0.00006748   0.00171343   0.00005837   0.00142488   0.00005323   1.60474860   0.07639842   0.00371144   0.00008595  
    79.500   0.00226269   0.00006712   0.00185075   0.00006073   0.00142090   0.00005316   1.59243697   0.07603157   0.00368358   0.00008562  
    80.500   0.00217313   0.00006573   0.00184677   0.00006066   0.00142289   0.00005319   1.52727273   0.07344201   0.00359602   0.00008455  
    81.500   0.00213731   0.00006524   0.00186667   0.00006099   0.00146667   0.00005408   1.45725916   0.06975656   0.00360398   0.00008474  
    82.500   0.00213532   0.00006521   0.00187861   0.00006111   0.00141095   0.00005297   1.51339915   0.07324212   0.00354627   0.00008402  
    83.500   0.00202587   0.00006346   0.00171741   0.00005850   0.00139303   0.00005263   1.45428571   0.07137713   0.00341891   0.00008245  
    84.500   0.00214527   0.00006536   0.00167960   0.00005779   0.00134527   0.00005180   1.59467456   0.07830227   0.00349055   0.00008340  
    85.500   0.00203781   0.00006365   0.00172736   0.00005861   0.00130945   0.00005103   1.55623100   0.07772325   0.00334726   0.00008158  
    86.500   0.00179502   0.00005974   0.00164975   0.00005727   0.00132139   0.00005126   1.35843373   0.06943552   0.00311642   0.00007872  
    87.500   0.00183881   0.00006046   0.00165174   0.00005731   0.00129353   0.00005072   1.42153846   0.07274504   0.00313234   0.00007892  
    88.500   0.00187463   0.00006118   0.00153433   0.00005524   0.00125174   0.00004997   1.49761526   0.07722482   0.00312637   0.00007900  
    89.500   0.00164975   0.00005727   0.00163582   0.00005710   0.00132736   0.00005138   1.24287856   0.06462410   0.00297711   0.00007694  
    90.500   0.00170945   0.00005837   0.00160796   0.00005655   0.00133532   0.00005153   1.28017884   0.06596559   0.00304478   0.00007786  
    91.500   0.00173930   0.00005881   0.00155423   0.00005566   0.00123184   0.00004950   1.41195477   0.07414690   0.00297114   0.00007686  
    92.500   0.00171741   0.00005844   0.00145075   0.00005379   0.00117612   0.00004845   1.46023689   0.07801727   0.00289353   0.00007591  
    93.500   0.00162587   0.00005686   0.00144478   0.00005360   0.00127562   0.00005037   1.27457098   0.06722758   0.00290149   0.00007596  
    94.500   0.00162587   0.00005686   0.00147662   0.00005426   0.00124577   0.00004978   1.30511182   0.06929940   0.00287164   0.00007557  
    95.500   0.00151244   0.00005484   0.00138308   0.00005245   0.00113035   0.00004741   1.33802817   0.07418956   0.00264279   0.00007250  
    96.500   0.00152040   0.00005499   0.00140896   0.00005293   0.00114627   0.00004775   1.32638889   0.07316837   0.00266667   0.00007282  
    97.500   0.00145075   0.00005371   0.00142289   0.00005319   0.00107662   0.00004627   1.34750462   0.07644261   0.00252736   0.00007090  
    98.500   0.00137910   0.00005237   0.00136915   0.00005226   0.00105672   0.00004585   1.30508475   0.07524638   0.00243582   0.00006960  
    99.500   0.00147065   0.00005408   0.00136915   0.00005218   0.00108856   0.00004653   1.35100548   0.07617735   0.00255920   0.00007134  
   100.500   0.00144279   0.00005364   0.00126965   0.00005025   0.00111443   0.00004708   1.29464286   0.07285561   0.00255721   0.00007137  
   101.500   0.00128955   0.00005064   0.00130547   0.00005095   0.00119801   0.00004889   1.07641196   0.06096587   0.00248756   0.00007039  
   102.500   0.00133930   0.00005169   0.00132139   0.00005126   0.00103284   0.00004532   1.29672447   0.07577901   0.00237214   0.00006874  
   103.500   0.00129552   0.00005076   0.00122587   0.00004938   0.00100896   0.00004489   1.28402367   0.07611862   0.00230448   0.00006776  
   104.500   0.00127164   0.00005029   0.00114627   0.00004775   0.00101095   0.00004484   1.25787402   0.07475052   0.00228259   0.00006738  
   105.500   0.00124776   0.00004982   0.00122388   0.00004934   0.00101891   0.00004502   1.22460938   0.07292373   0.00226667   0.00006714  
   106.500   0.00124378   0.00004974   0.00105075   0.00004572   0.00100498   0.00004471   1.23762376   0.07403233   0.00224876   0.00006688  
   107.500   0.00122189   0.00004930   0.00114030   0.00004762   0.00103085   0.00004528   1.18532819   0.07069542   0.00225274   0.00006694  
   108.500   0.00113632   0.00004754   0.00103483   0.00004537   0.00104478   0.00004559   1.08761905   0.06574552   0.00218109   0.00006586  
   109.500   0.00119403   0.00004873   0.00106866   0.00004610   0.00094925   0.00004345   1.25786164   0.07714203   0.00214328   0.00006529  
   110.500   0.00105473   0.00004580   0.00112438   0.00004729   0.00088955   0.00004207   1.18568233   0.07612356   0.00194428   0.00006219  
   111.500   0.00105075   0.00004572   0.00107861   0.00004632   0.00089154   0.00004211   1.17857143   0.07568679   0.00194229   0.00006216  
   112.500   0.00100299   0.00004467   0.00106667   0.00004606   0.00084577   0.00004102   1.18588235   0.07808005   0.00184876   0.00006064  
   113.500   0.00107065   0.00004615   0.00108060   0.00004636   0.00086766   0.00004154   1.23394495   0.07949445   0.00193831   0.00006209  
   114.500   0.00105871   0.00004589   0.00104876   0.00004567   0.00088557   0.00004197   1.19550562   0.07678181   0.00194428   0.00006219  
   115.500   0.00103085   0.00004537   0.00097313   0.00004400   0.00087960   0.00004183   1.17194570   0.07593638   0.00191045   0.00006171  
   116.500   0.00095124   0.00004350   0.00088358   0.00004192   0.00085373   0.00004121   1.11421911   0.07408562   0.00180498   0.00005992  
   117.500   0.00092338   0.00004286   0.00095721   0.00004373   0.00085572   0.00004126   1.07906977   0.07221520   0.00177910   0.00005949  
   118.500   0.00106866   0.00004610   0.00088955   0.00004207   0.00081592   0.00004029   1.30975610   0.08587878   0.00188458   0.00006123  
   119.500   0.00088159   0.00004188   0.00092935   0.00004300   0.00080199   0.00003994   1.09925558   0.07565511   0.00168358   0.00005787  
   120.500   0.00087164   0.00004164   0.00092935   0.00004300   0.00077214   0.00003919   1.12886598   0.07868475   0.00164378   0.00005718  
   121.500   0.00087761   0.00004178   0.00075622   0.00003879   0.00087761   0.00004178   1.00000000   0.06732873   0.00175522   0.00005909  
   122.500   0.00088358   0.00004192   0.00089154   0.00004211   0.00074030   0.00003848   1.19354839   0.08399806   0.00162388   0.00005691  
   123.500   0.00080000   0.00003989   0.00082388   0.00004048   0.00074627   0.00003853   1.07200000   0.07694719   0.00154627   0.00005546  
   124.500   0.00079602   0.00003979   0.00081791   0.00004034   0.00075224   0.00003868   1.05820106   0.07589237   0.00154826   0.00005550  
   125.500   0.00080199   0.00003994   0.00083781   0.00004082   0.00073035   0.00003812   1.09809264   0.07921652   0.00153234   0.00005521  
   126.500   0.00081990   0.00004039   0.00079403   0.00003974   0.00073234   0.00003817   1.11956522   0.08028606   0.00155224   0.00005557  
   127.500   0.00076816   0.00003909   0.00079602   0.00003989   0.00068657   0.00003696   1.11884058   0.08287909   0.00145473   0.00005380  
   128.500   0.00063682   0.00003559   0.00080398   0.00003999   0.00071045   0.00003759   0.89635854   0.06899126   0.00134726   0.00005177  
   129.500   0.00074229   0.00003843   0.00075423   0.00003873   0.00072040   0.00003786   1.03038674   0.07600739   0.00146269   0.00005394  
   130.500   0.00078408   0.00003949   0.00077811   0.00003934   0.00064080   0.00003570   1.22360248   0.09190608   0.00142488   0.00005324  
   131.500   0.00066667   0.00003642   0.00065274   0.00003604   0.00065274   0.00003604   1.02134146   0.07932257   0.00131940   0.00005123  
   132.500   0.00062687   0.00003531   0.00063483   0.00003554   0.00067264   0.00003658   0.93195266   0.07297369   0.00129950   0.00005085  
   133.500   0.00069453   0.00003717   0.00068657   0.00003696   0.00071244   0.00003765   0.97486034   0.07331984   0.00140697   0.00005291  
   134.500   0.00058507   0.00003412   0.00078209   0.00003944   0.00059900   0.00003452   0.97674419   0.08007891   0.00118408   0.00004854  
   135.500   0.00061891   0.00003509   0.00069453   0.00003717   0.00060697   0.00003475   1.01967213   0.08215883   0.00122587   0.00004938  
   136.500   0.00061692   0.00003503   0.00067861   0.00003685   0.00061294   0.00003492   1.00649351   0.08096219   0.00122985   0.00004946  
   137.500   0.00061294   0.00003492   0.00064080   0.00003570   0.00066269   0.00003631   0.92492492   0.07310867   0.00127562   0.00005038  
   138.500   0.00054726   0.00003300   0.00061692   0.00003503   0.00059900   0.00003452   0.91362126   0.07620189   0.00114627   0.00004775  
   139.500   0.00057114   0.00003371   0.00053731   0.00003270   0.00047960   0.00003089   1.19087137   0.10403410   0.00105075   0.00004572  
   140.500   0.00054328   0.00003288   0.00055721   0.00003330   0.00058706   0.00003418   0.92542373   0.07770719   0.00113035   0.00004742  
   141.500   0.00050945   0.00003184   0.00062289   0.00003520   0.00048756   0.00003115   1.04489796   0.09337608   0.00099701   0.00004454  
   142.500   0.00049552   0.00003152   0.00061692   0.00003503   0.00053532   0.00003263   0.92565056   0.08156133   0.00103085   0.00004537  
   143.500   0.00055124   0.00003312   0.00060697   0.00003475   0.00053134   0.00003251   1.03745318   0.08896388   0.00108259   0.00004641  
   144.500   0.00047164   0.00003063   0.00052736   0.00003239   0.00055323   0.00003318   0.85251799   0.07536250   0.00102488   0.00004516  
   145.500   0.00049552   0.00003140   0.00053134   0.00003251   0.00047761   0.00003095   1.03750000   0.09403816   0.00097313   0.00004409  
   146.500   0.00044776   0.00002985   0.00054726   0.00003300   0.00050348   0.00003165   0.88932806   0.08148412   0.00095124   0.00004350  
   147.500   0.00047363   0.00003070   0.00053731   0.00003270   0.00057512   0.00003383   0.82352941   0.07207599   0.00104876   0.00004568  
   148.500   0.00045771   0.00003018   0.00052736   0.00003239   0.00048557   0.00003108   0.94262295   0.08661980   0.00094328   0.00004332  
   149.500   0.00042189   0.00002897   0.00051940   0.00003215   0.00051144   0.00003190   0.82490272   0.07652520   0.00093333   0.00004309  
   150.500   0.00039801   0.00002814   0.00051343   0.00003196   0.00050746   0.00003190   0.78431373   0.07420095   0.00090547   0.00004254  
   151.500   0.00043184   0.00002931   0.00047960   0.00003089   0.00042388   0.00002904   1.01877934   0.09825355   0.00085572   0.00004126  
   152.500   0.00041990   0.00002890   0.00051144   0.00003190   0.00048557   0.00003108   0.86475410   0.08128554   0.00090547   0.00004244  
   153.500   0.00040995   0.00002856   0.00045373   0.00003005   0.00048557   0.00003108   0.84426230   0.07987426   0.00089552   0.00004221  
   154.500   0.00040000   0.00002821   0.00043383   0.00002938   0.00047960   0.00003089   0.83402490   0.07965925   0.00087960   0.00004183  
   155.500   0.00036617   0.00002699   0.00044975   0.00002991   0.00041393   0.00002870   0.88461538   0.08951890   0.00078010   0.00003940  
   156.500   0.00035622   0.00002662   0.00047164   0.00003063   0.00039005   0.00002786   0.91326531   0.09440992   0.00074627   0.00003853  
   157.500   0.00034030   0.00002602   0.00041990   0.00002890   0.00039403   0.00002800   0.86363636   0.09015168   0.00073433   0.00003822  
   158.500   0.00039801   0.00002814   0.00039005   0.00002786   0.00042388   0.00002904   0.93896714   0.09244343   0.00082189   0.00004044  
   159.500   0.00032040   0.00002525   0.00040995   0.00002856   0.00036418   0.00002692   0.87978142   0.09505578   0.00068458   0.00003691  
   160.500   0.00032836   0.00002556   0.00045373   0.00003005   0.00037214   0.00002721   0.88235294   0.09423517   0.00070050   0.00003733  
   161.500   0.00024478   0.00002207   0.00039602   0.00002807   0.00040000   0.00002821   0.61194030   0.07004836   0.00064478   0.00003582  
   162.500   0.00029055   0.00002404   0.00039801   0.00002814   0.00040398   0.00002835   0.71921182   0.07803840   0.00069453   0.00003717  
   163.500   0.00035025   0.00002640   0.00037413   0.00002728   0.00031841   0.00002517   1.10000000   0.12014613   0.00066866   0.00003648  
   164.500   0.00027662   0.00002346   0.00037214   0.00002721   0.00035821   0.00002670   0.77222222   0.08718868   0.00063483   0.00003554  
   165.500   0.00030249   0.00002453   0.00032239   0.00002533   0.00037214   0.00002721   0.81283422   0.08876117   0.00067463   0.00003664  
   166.500   0.00026667   0.00002303   0.00039005   0.00002786   0.00038408   0.00002764   0.69430052   0.07806496   0.00065075   0.00003598  
   167.500   0.00034030   0.00002602   0.00033831   0.00002594   0.00031443   0.00002501   1.08227848   0.11941940   0.00065473   0.00003609  
   168.500   0.00029055   0.00002404   0.00030249   0.00002453   0.00038209   0.00002757   0.76041667   0.08349243   0.00067264   0.00003658  
   169.500   0.00025672   0.00002260   0.00034428   0.00002617   0.00032438   0.00002541   0.79141104   0.09325535   0.00058109   0.00003400  
   170.500   0.00026866   0.00002312   0.00029453   0.00002421   0.00035025   0.00002640   0.76704545   0.08774958   0.00061891   0.00003509  
   171.500   0.00023085   0.00002143   0.00034428   0.00002617   0.00033035   0.00002564   0.69879518   0.08455941   0.00056119   0.00003342  
   172.500   0.00028259   0.00002371   0.00029055   0.00002404   0.00031642   0.00002509   0.89308176   0.10310965   0.00059900   0.00003452  
   173.500   0.00024876   0.00002225   0.00027662   0.00002346   0.00031443   0.00002501   0.79113924   0.09469617   0.00056318   0.00003348  
   174.500   0.00023881   0.00002180   0.00030846   0.00002477   0.00031642   0.00002509   0.75471698   0.09125728   0.00055522   0.00003324  
   175.500   0.00022289   0.00002106   0.00033035   0.00002564   0.00026468   0.00002295   0.84210526   0.10799119   0.00048756   0.00003115  
   176.500   0.00024478   0.00002207   0.00026269   0.00002286   0.00025672   0.00002260   0.95348837   0.12015478   0.00050149   0.00003159  
   177.500   0.00021294   0.00002058   0.00031642   0.00002509   0.00029254   0.00002413   0.72789116   0.09249239   0.00050547   0.00003171  
   178.500   0.00021493   0.00002068   0.00029254   0.00002413   0.00033234   0.00002571   0.64670659   0.07985005   0.00054726   0.00003300  
   179.500   0.00020100   0.00002000   0.00024080   0.00002189   0.00026269   0.00002286   0.76515152   0.10114701   0.00046368   0.00003037  
   180.500   0.00018109   0.00001898   0.00024478   0.00002207   0.00026070   0.00002278   0.69465649   0.09479098   0.00044179   0.00002965  
   181.500   0.00021891   0.00002087   0.00027065   0.00002321   0.00027861   0.00002354   0.78571429   0.10010313   0.00049751   0.00003146  
   182.500   0.00020697   0.00002029   0.00022090   0.00002097   0.00026468   0.00002295   0.78195489   0.10235007   0.00047164   0.00003063  
   183.500   0.00018308   0.00001909   0.00024080   0.00002189   0.00027463   0.00002338   0.66666667   0.08972539   0.00045771   0.00003018  
   184.500   0.00017313   0.00001856   0.00022090   0.00002097   0.00023682   0.00002171   0.73109244   0.10312194   0.00040995   0.00002856  
   185.500   0.00020697   0.00002029   0.00021095   0.00002049   0.00022488   0.00002115   0.92035398   0.12505627   0.00043184   0.00002931  
   186.500   0.00018507   0.00001919   0.00019900   0.00001990   0.00025075   0.00002234   0.73809524   0.10089847   0.00043582   0.00002945  
   187.500   0.00015124   0.00001735   0.00020896   0.00002039   0.00023682   0.00002171   0.63865546   0.09377425   0.00038806   0.00002779  
   188.500   0.00020100   0.00002000   0.00023682   0.00002171   0.00023881   0.00002180   0.84166667   0.11364786   0.00043980   0.00002958  
   189.500   0.00014527   0.00001700   0.00020100   0.00002000   0.00022289   0.00002106   0.65178571   0.09803952   0.00036816   0.00002707  
   190.500   0.00013930   0.00001665   0.00021493   0.00002068   0.00022886   0.00002134   0.60869565   0.09227187   0.00036816   0.00002707  
   191.500   0.00017313   0.00001856   0.00021493   0.00002068   0.00022687   0.00002125   0.76315789   0.10863732   0.00040000   0.00002821  
   192.500   0.00014925   0.00001723   0.00017512   0.00001867   0.00021692   0.00002078   0.68807339   0.10322398   0.00036617   0.00002699  
   193.500   0.00015522   0.00001757   0.00020697   0.00002029   0.00020896   0.00002039   0.74285714   0.11103747   0.00036418   0.00002692  
   194.500   0.00013333   0.00001629   0.00020697   0.00002029   0.00021891   0.00002087   0.60909091   0.09438805   0.00035224   0.00002647  
   195.500   0.00013532   0.00001641   0.00019104   0.00001950   0.00018507   0.00001919   0.73118280   0.11666108   0.00032040   0.00002525  
   196.500   0.00014527   0.00001700   0.00013930   0.00001665   0.00018507   0.00001919   0.78494624   0.12273639   0.00033035   0.00002564  
   197.500   0.00014925   0.00001723   0.00018308   0.00001909   0.00013532   0.00001641   1.10294118   0.18468000   0.00028458   0.00002380  
   198.500   0.00013134   0.00001617   0.00016119   0.00001791   0.00017910   0.00001888   0.73333333   0.11883765   0.00031045   0.00002485  
   199.500   0.00014129   0.00001677   0.00014527   0.00001700   0.00014925   0.00001723   0.94666667   0.15674653   0.00029055   0.00002404  
   200.500   0.00013134   0.00001617   0.00011542   0.00001516   0.00020697   0.00002029   0.63461538   0.09986860   0.00033831   0.00002595  
   201.500   0.00010149   0.00001421   0.00013532   0.00001641   0.00017114   0.00001845   0.59302326   0.10480545   0.00027264   0.00002329  
   202.500   0.00013930   0.00001665   0.00014726   0.00001712   0.00014328   0.00001689   0.97222222   0.16318457   0.00028259   0.00002371  
   203.500   0.00011741   0.00001529   0.00017711   0.00001877   0.00015721   0.00001769   0.74683544   0.12850212   0.00027463   0.00002338  
   204.500   0.00011343   0.00001502   0.00012537   0.00001580   0.00017910   0.00001888   0.63333333   0.10720555   0.00029254   0.00002413  
   205.500   0.00011144   0.00001489   0.00016119   0.00001791   0.00014328   0.00001689   0.77777778   0.13857556   0.00025473   0.00002251  
   206.500   0.00008756   0.00001320   0.00013930   0.00001665   0.00015522   0.00001757   0.56410256   0.10635359   0.00024279   0.00002198  
   207.500   0.00010945   0.00001476   0.00012537   0.00001580   0.00016517   0.00001813   0.66265060   0.11520981   0.00027463   0.00002338  
   208.500   0.00010149   0.00001421   0.00014129   0.00001677   0.00014129   0.00001677   0.71830986   0.13184530   0.00024279   0.00002198  
   209.500   0.00009353   0.00001364   0.00010945   0.00001476   0.00013333   0.00001629   0.70149254   0.13346802   0.00022687   0.00002125  
   210.500   0.00008358   0.00001290   0.00009751   0.00001393   0.00013731   0.00001653   0.60869565   0.11912453   0.00022090   0.00002097  
   211.500   0.00010945   0.00001476   0.00013930   0.00001665   0.00015323   0.00001746   0.71428571   0.12610096   0.00026269   0.00002286  
   212.500   0.00008756   0.00001320   0.00014328   0.00001689   0.00011741   0.00001529   0.74576271   0.14854431   0.00020498   0.00002020  
   213.500   0.00010746   0.00001462   0.00011343   0.00001502   0.00011741   0.00001529   0.91525424   0.17236373   0.00022488   0.00002115  
   214.500   0.00007164   0.00001194   0.00010547   0.00001449   0.00014129   0.00001677   0.50704225   0.10373977   0.00021294   0.00002058  
   215.500   0.00010348   0.00001435   0.00011741   0.00001529   0.00012537   0.00001580   0.82539683   0.15464200   0.00022886   0.00002134  
   216.500   0.00005373   0.00001034   0.00012139   0.00001554   0.00012736   0.00001592   0.42187500   0.09681093   0.00018109   0.00001898  
   217.500   0.00008358   0.00001290   0.00010746   0.00001462   0.00010348   0.00001435   0.80769231   0.16756122   0.00018706   0.00001929  
   218.500   0.00008159   0.00001274   0.00009552   0.00001379   0.00015522   0.00001757   0.52564103   0.10139391   0.00023682   0.00002171  
   219.500   0.00009154   0.00001350   0.00010149   0.00001421   0.00010149   0.00001421   0.90196078   0.18339989   0.00019303   0.00001960  
   220.500   0.00008955   0.00001335   0.00010149   0.00001421   0.00008955   0.00001335   1.00000000   0.21081380   0.00017910   0.00001888  
   221.500   0.00007562   0.00001227   0.00010547   0.00001449   0.00010945   0.00001476   0.69090909   0.14574025   0.00018507   0.00001919  
   222.500   0.00007363   0.00001210   0.00009552   0.00001379   0.00008756   0.00001320   0.84090909   0.18756666   0.00016119   0.00001791  
   223.500   0.00005970   0.00001090   0.00005572   0.00001053   0.00012736   0.00001592   0.46875000   0.10371600   0.00018706   0.00001929  
   224.500   0.00007761   0.00001243   0.00008159   0.00001274   0.00010945   0.00001476   0.70909091   0.14843706   0.00018706   0.00001929  
   225.500   0.00006368   0.00001126   0.00010348   0.00001435   0.00009751   0.00001393   0.65306122   0.14842772   0.00016119   0.00001791  
   226.500   0.00006567   0.00001143   0.00008358   0.00001290   0.00007761   0.00001243   0.84615385   0.20013294   0.00014328   0.00001689  
   227.500   0.00005174   0.00001015   0.00007164   0.00001194   0.00009751   0.00001393   0.53061224   0.12874070   0.00014925   0.00001723  
   228.500   0.00008159   0.00001274   0.00007164   0.00001194   0.00009353   0.00001364   0.87234043   0.18641335   0.00017512   0.00001867  
   229.500   0.00004577   0.00000954   0.00008756   0.00001320   0.00008955   0.00001335   0.51111111   0.13100655   0.00013532   0.00001641  
   230.500   0.00004577   0.00000954   0.00009154   0.00001350   0.00009751   0.00001393   0.46938776   0.11863949   0.00014328   0.00001689  
   231.500   0.00004975   0.00000995   0.00006766   0.00001160   0.00009154   0.00001350   0.54347826   0.13503783   0.00014129   0.00001677  
   232.500   0.00006169   0.00001108   0.00008955   0.00001335   0.00010348   0.00001435   0.59615385   0.13527155   0.00016517   0.00001813  
   233.500   0.00007960   0.00001259   0.00009154   0.00001350   0.00006368   0.00001126   1.25000000   0.29645828   0.00014328   0.00001689  
   234.500   0.00005572   0.00001053   0.00008756   0.00001320   0.00007562   0.00001227   0.73684211   0.18351375   0.00013134   0.00001617  
   235.500   0.00005970   0.00001090   0.00006567   0.00001143   0.00007363   0.00001210   0.81081081   0.19919951   0.00013333   0.00001629  
   236.500   0.00003980   0.00000890   0.00008358   0.00001290   0.00009154   0.00001350   0.43478261   0.11645126   0.00013134   0.00001617  
   237.500   0.00003980   0.00000890   0.00006368   0.00001126   0.00007761   0.00001243   0.51282051   0.14103873   0.00011741   0.00001529  
   238.500   0.00006567   0.00001143   0.00005373   0.00001034   0.00004776   0.00000975   1.37500000   0.36886846   0.00011343   0.00001502  
   239.500   0.00005174   0.00001015   0.00006567   0.00001143   0.00008557   0.00001305   0.60465116   0.15021093   0.00013731   0.00001653  
   240.500   0.00003980   0.00000890   0.00005572   0.00001053   0.00008955   0.00001335   0.44444444   0.11943921   0.00012935   0.00001604  
   241.500   0.00004975   0.00000995   0.00006766   0.00001160   0.00007562   0.00001227   0.65789474   0.16941753   0.00012537   0.00001580  
   242.500   0.00002985   0.00000771   0.00005572   0.00001053   0.00007562   0.00001227   0.39473684   0.12036591   0.00010547   0.00001449  
   243.500   0.00006368   0.00001126   0.00004378   0.00000933   0.00006965   0.00001177   0.91428571   0.22361611   0.00013333   0.00001629  
   244.500   0.00003582   0.00000844   0.00005373   0.00001034   0.00009353   0.00001364   0.38297872   0.10615501   0.00012935   0.00001604  
   245.500   0.00003781   0.00000867   0.00006567   0.00001143   0.00005373   0.00001034   0.70370370   0.21071975   0.00009154   0.00001350  
   246.500   0.00005970   0.00001090   0.00005174   0.00001015   0.00007960   0.00001259   0.75000000   0.18113912   0.00013930   0.00001665  
   247.500   0.00002985   0.00000771   0.00003582   0.00000844   0.00005572   0.00001053   0.53571429   0.17141096   0.00008557   0.00001305  
   248.500   0.00003582   0.00000844   0.00004179   0.00000912   0.00004776   0.00000975   0.75000000   0.23385119   0.00008358   0.00001290  
   249.500   0.00003980   0.00000890   0.00004577   0.00000954   0.00005771   0.00001072   0.68965517   0.20045224   0.00009751   0.00001393  
   250.500   0.00002786   0.00000745   0.00004179   0.00000912   0.00004378   0.00000933   0.63636364   0.21755925   0.00007164   0.00001194  
   251.500   0.00003582   0.00000844   0.00005572   0.00001053   0.00006567   0.00001143   0.54545455   0.15982525   0.00010149   0.00001421  
   252.500   0.00003781   0.00000867   0.00003582   0.00000844   0.00002985   0.00000771   1.26666667   0.43749767   0.00006766   0.00001160  
   253.500   0.00003582   0.00000844   0.00006169   0.00001108   0.00005174   0.00001015   0.69230769   0.21227457   0.00008756   0.00001320  
   254.500   0.00002985   0.00000771   0.00004378   0.00000933   0.00007761   0.00001243   0.38461538   0.11685328   0.00010746   0.00001462  
   255.500   0.00003582   0.00000844   0.00004179   0.00000912   0.00005373   0.00001034   0.66666667   0.20285802   0.00008955   0.00001335  
   256.500   0.00002786   0.00000745   0.00005174   0.00001015   0.00006567   0.00001143   0.42424242   0.13531246   0.00009353   0.00001364  
   257.500   0.00004577   0.00000954   0.00003383   0.00000821   0.00005373   0.00001034   0.85185185   0.24171182   0.00009950   0.00001407  
   258.500   0.00002189   0.00000660   0.00004378   0.00000933   0.00004776   0.00000975   0.45833333   0.16688230   0.00006965   0.00001177  
   259.500   0.00002189   0.00000660   0.00003980   0.00000890   0.00004776   0.00000975   0.45833333   0.16688230   0.00006965   0.00001177  
   260.500   0.00003184   0.00000796   0.00003184   0.00000796   0.00003980   0.00000890   0.80000000   0.26832578   0.00007164   0.00001194  
   261.500   0.00001592   0.00000563   0.00003383   0.00000821   0.00003383   0.00000821   0.47058824   0.20176195   0.00004975   0.00000995  
   262.500   0.00001990   0.00000629   0.00002985   0.00000771   0.00004179   0.00000912   0.47619048   0.18295698   0.00006169   0.00001108  
   263.500   0.00001791   0.00000597   0.00002985   0.00000771   0.00004577   0.00000954   0.39130435   0.15385149   0.00006368   0.00001126  
   264.500   0.00001791   0.00000597   0.00004378   0.00000933   0.00003980   0.00000890   0.45000000   0.18062280   0.00005771   0.00001072  
   265.500   0.00002985   0.00000771   0.00002786   0.00000745   0.00004776   0.00000975   0.62500000   0.20571079   0.00007761   0.00001243  
   266.500   0.00001990   0.00000629   0.00002189   0.00000660   0.00002388   0.00000689   0.83333333   0.35681008   0.00004378   0.00000933  
   267.500   0.00002388   0.00000689   0.00002786   0.00000745   0.00004577   0.00000954   0.52173913   0.18579305   0.00006965   0.00001177  
   268.500   0.00002985   0.00000771   0.00002786   0.00000745   0.00002388   0.00000689   1.25000000   0.48411968   0.00005373   0.00001034  
   269.500   0.00001194   0.00000487   0.00002587   0.00000718   0.00002985   0.00000771   0.40000000   0.19321754   0.00004179   0.00000912  
   270.500   0.00002786   0.00000745   0.00003383   0.00000821   0.00004179   0.00000912   0.66666667   0.23001994   0.00006965   0.00001177  
   271.500   0.00001791   0.00000597   0.00002786   0.00000745   0.00002786   0.00000745   0.64285714   0.27465706   0.00004577   0.00000954  
   272.500   0.00002985   0.00000771   0.00002189   0.00000660   0.00001791   0.00000597   1.66666667   0.70272443   0.00004776   0.00000975  
   273.500   0.00001990   0.00000629   0.00002388   0.00000689   0.00004975   0.00000995   0.40000000   0.14966523   0.00006965   0.00001177  
   274.500   0.00001592   0.00000563   0.00003184   0.00000796   0.00003184   0.00000796   0.50000000   0.21650520   0.00004776   0.00000975  
   275.500   0.00001791   0.00000597   0.00002388   0.00000689   0.00002786   0.00000745   0.64285714   0.27465706   0.00004577   0.00000954  
   276.500   0.00001990   0.00000629   0.00001592   0.00000563   0.00002985   0.00000771   0.66666667   0.27216389   0.00004975   0.00000995  
   277.500   0.00002388   0.00000689   0.00001194   0.00000487   0.00002587   0.00000718   0.92307692   0.36952421   0.00004975   0.00000995  
   278.500   0.00001194   0.00000487   0.00001791   0.00000597   0.00002388   0.00000689   0.50000000   0.24999901   0.00003582   0.00000844  
   279.500   0.00001990   0.00000629   0.00002388   0.00000689   0.00002189   0.00000660   0.90909091   0.39720834   0.00004179   0.00000912  
   280.500   0.00001393   0.00000527   0.00001592   0.00000563   0.00002587   0.00000718   0.53846154   0.25243353   0.00003980   0.00000890  
   281.500   0.00000995   0.00000445   0.00001393   0.00000527   0.00003582   0.00000844   0.27777778   0.14042307   0.00004577   0.00000954  
   282.500   0.00001592   0.00000563   0.00001990   0.00000629   0.00001791   0.00000597   0.88888889   0.43192054   0.00003383   0.00000821  
   283.500   0.00002189   0.00000660   0.00001990   0.00000629   0.00002587   0.00000718   0.84615385   0.34664454   0.00004776   0.00000975  
   284.500   0.00001791   0.00000597   0.00000995   0.00000445   0.00003383   0.00000821   0.52941176   0.21823883   0.00005174   0.00001015  
   285.500   0.00001194   0.00000487   0.00002189   0.00000660   0.00001791   0.00000597   0.66666667   0.35136295   0.00002985   0.00000771  
   286.500   0.00001791   0.00000597   0.00001990   0.00000629   0.00001990   0.00000629   0.90000000   0.41351952   0.00003781   0.00000867  
   287.500   0.00001194   0.00000487   0.00001791   0.00000597   0.00001592   0.00000563   0.75000000   0.40504492   0.00002786   0.00000745  
   288.500   0.00001194   0.00000487   0.00001791   0.00000597   0.00002786   0.00000745   0.42857143   0.20912058   0.00003980   0.00000890  
   289.500   0.00000597   0.00000345   0.00002189   0.00000660   0.00002388   0.00000689   0.25000000   0.16137392   0.00002985   0.00000771  
   290.500   0.00000597   0.00000345   0.00001791   0.00000597   0.00002786   0.00000745   0.21428571   0.13633017   0.00003383   0.00000821  
   291.500   0.00000796   0.00000398   0.00001791   0.00000597   0.00002189   0.00000660   0.36363636   0.21231728   0.00002985   0.00000771  
   292.500   0.00001194   0.00000487   0.00001393   0.00000527   0.00002786   0.00000745   0.42857143   0.20912058   0.00003980   0.00000890  
   293.500   0.00001194   0.00000487   0.00000995   0.00000445   0.00001393   0.00000527   0.85714286   0.47686876   0.00002587   0.00000718  
   294.500   0.00000995   0.00000445   0.00000796   0.00000398   0.00002189   0.00000660   0.45454545   0.24516275   0.00003184   0.00000796  
   295.500   0.00000199   0.00000199   0.00000597   0.00000345   0.00001990   0.00000629   0.10000000   0.10488079   0.00002189   0.00000660  
   296.500   0.00000199   0.00000199   0.00002189   0.00000660   0.00002587   0.00000718   0.07692308   0.07982678   0.00002786   0.00000745  
   297.500   0.00001393   0.00000527   0.00001194   0.00000487   0.00001990   0.00000629   0.70000000   0.34496236   0.00003383   0.00000821  
   298.500   0.00001393   0.00000527   0.00001592   0.00000563   0.00001393   0.00000527   1.00000000   0.53452063   0.00002786   0.00000745  
   299.500   0.00001990   0.00000629   0.00000995   0.00000445   0.00002587   0.00000718   0.76923077   0.32355375   0.00004577   0.00000954  
