  0.500   0.00135394   0.00005198   0.00015929   0.00001781   0.00023097   0.00002144   5.86206897   0.58894432   0.00158491   0.00005623  
     1.500   0.00223201   0.00006669   0.00031857   0.00002518   0.00036238   0.00002686   6.15934066   0.49221447   0.00259439   0.00007189  
     2.500   0.00279151   0.00007455   0.00038627   0.00002773   0.00051370   0.00003198   5.43410853   0.36808865   0.00330521   0.00008112  
     3.500   0.00307026   0.00007813   0.00042211   0.00002899   0.00053959   0.00003277   5.69003690   0.37470326   0.00360985   0.00008472  
     4.500   0.00335698   0.00008178   0.00045596   0.00003013   0.00063317   0.00003550   5.30188679   0.32411792   0.00399015   0.00008916  
     5.500   0.00344459   0.00008289   0.00061923   0.00003511   0.00063715   0.00003561   5.40625000   0.32898479   0.00408174   0.00009021  
     6.500   0.00358596   0.00008452   0.00068095   0.00003682   0.00069091   0.00003708   5.19020173   0.30425091   0.00427687   0.00009229  
     7.500   0.00377710   0.00008664   0.00082829   0.00004060   0.00079046   0.00003966   4.77833753   0.26363473   0.00456756   0.00009529  
     8.500   0.00400409   0.00008942   0.00081436   0.00004026   0.00081037   0.00004016   4.94103194   0.26858267   0.00481446   0.00009803  
     9.500   0.00380498   0.00008700   0.00090794   0.00004251   0.00082431   0.00004050   4.61594203   0.25016966   0.00462929   0.00009597  
    10.500   0.00413152   0.00009078   0.00102541   0.00004526   0.00085816   0.00004133   4.81438515   0.25484339   0.00498968   0.00009974  
    11.500   0.00399015   0.00008913   0.00116678   0.00004819   0.00089599   0.00004223   4.45333333   0.23226723   0.00488614   0.00009863  
    12.500   0.00400807   0.00008942   0.00117474   0.00004835   0.00093183   0.00004306   4.30128205   0.22073190   0.00493990   0.00009925  
    13.500   0.00440031   0.00009358   0.00136987   0.00005221   0.00100550   0.00004473   4.37623762   0.21579399   0.00540581   0.00010373  
    14.500   0.00417134   0.00009108   0.00148535   0.00005436   0.00097564   0.00004406   4.27551020   0.21448441   0.00514697   0.00010118  
    15.500   0.00428881   0.00009244   0.00152518   0.00005509   0.00097364   0.00004402   4.40490798   0.22062146   0.00526246   0.00010238  
    16.500   0.00427089   0.00009212   0.00159686   0.00005636   0.00105329   0.00004578   4.05482042   0.19675569   0.00532418   0.00010287  
    17.500   0.00416138   0.00009102   0.00168446   0.00005789   0.00104532   0.00004561   3.98095238   0.19429966   0.00520671   0.00010181  
    18.500   0.00445407   0.00009436   0.00172429   0.00005857   0.00107519   0.00004626   4.14259259   0.19865818   0.00552926   0.00010509  
    19.500   0.00424501   0.00009192   0.00188556   0.00006131   0.00108714   0.00004651   3.90476190   0.18724275   0.00533214   0.00010302  
    20.500   0.00434058   0.00009303   0.00194331   0.00006217   0.00108714   0.00004651   3.99267399   0.19106143   0.00542772   0.00010401  
    21.500   0.00438638   0.00009344   0.00207074   0.00006424   0.00104931   0.00004570   4.18026565   0.20265851   0.00543568   0.00010401  
    22.500   0.00436447   0.00009316   0.00209264   0.00006452   0.00109112   0.00004660   4.00000000   0.19097422   0.00545559   0.00010417  
    23.500   0.00444412   0.00009396   0.00213843   0.00006522   0.00105926   0.00004591   4.19548872   0.20233120   0.00550338   0.00010458  
    24.500   0.00448195   0.00009449   0.00223799   0.00006678   0.00120660   0.00004900   3.71452145   0.16996138   0.00568855   0.00010644  
    25.500   0.00438438   0.00009346   0.00218224   0.00006600   0.00119067   0.00004868   3.68227425   0.16976920   0.00557506   0.00010537  
    26.500   0.00447597   0.00009438   0.00228976   0.00006748   0.00122850   0.00004952   3.64343598   0.16575188   0.00570448   0.00010659  
    27.500   0.00451381   0.00009474   0.00225989   0.00006704   0.00121058   0.00004908   3.72861842   0.17022467   0.00572439   0.00010670  
    28.500   0.00449589   0.00009463   0.00238135   0.00006887   0.00130815   0.00005110   3.43683409   0.15249473   0.00580403   0.00010755  
    29.500   0.00465915   0.00009629   0.00244506   0.00006973   0.00123448   0.00004956   3.77419355   0.17042451   0.00589363   0.00010829  
    30.500   0.00453770   0.00009499   0.00240524   0.00006922   0.00124841   0.00004984   3.63476874   0.16385025   0.00578611   0.00010727  
    31.500   0.00462531   0.00009594   0.00244705   0.00006976   0.00130815   0.00005102   3.53576865   0.15618727   0.00593345   0.00010866  
    32.500   0.00456756   0.00009534   0.00245303   0.00006990   0.00136589   0.00005221   3.34402332   0.14563460   0.00593345   0.00010870  
    33.500   0.00470694   0.00009669   0.00253267   0.00007097   0.00136788   0.00005217   3.44104803   0.14906630   0.00607482   0.00010987  
    34.500   0.00479057   0.00009775   0.00254661   0.00007122   0.00144155   0.00005356   3.32320442   0.14085759   0.00623212   0.00011146  
    35.500   0.00458748   0.00009555   0.00252271   0.00007088   0.00139576   0.00005270   3.28673324   0.14172353   0.00598323   0.00010912  
    36.500   0.00455960   0.00009526   0.00257448   0.00007166   0.00149133   0.00005454   3.05740988   0.12877944   0.00605093   0.00010977  
    37.500   0.00451580   0.00009480   0.00261032   0.00007205   0.00142164   0.00005318   3.17647059   0.13626517   0.00593744   0.00010870  
    38.500   0.00447199   0.00009447   0.00263820   0.00007248   0.00153115   0.00005519   2.92067620   0.12202756   0.00600314   0.00010941  
    39.500   0.00446204   0.00009424   0.00264616   0.00007259   0.00147142   0.00005411   3.03247632   0.12859326   0.00593345   0.00010866  
    40.500   0.00431868   0.00009272   0.00269793   0.00007324   0.00148336   0.00005433   2.91140940   0.12359551   0.00580204   0.00010746  
    41.500   0.00422709   0.00009169   0.00248687   0.00007032   0.00155106   0.00005555   2.72528883   0.11411059   0.00577815   0.00010720  
    42.500   0.00433262   0.00009291   0.00265612   0.00007273   0.00156102   0.00005573   2.77551020   0.11558742   0.00589363   0.00010834  
    43.500   0.00437045   0.00009331   0.00270788   0.00007349   0.00157894   0.00005605   2.76796974   0.11465775   0.00594938   0.00010885  
    44.500   0.00416536   0.00009115   0.00255258   0.00007141   0.00154907   0.00005552   2.68894602   0.11290998   0.00571443   0.00010672  
    45.500   0.00431270   0.00009278   0.00259638   0.00007185   0.00159486   0.00005633   2.70411985   0.11182967   0.00590757   0.00010854  
    46.500   0.00391847   0.00008824   0.00261629   0.00007213   0.00172229   0.00005853   2.27514451   0.09275808   0.00564076   0.00010589  
    47.500   0.00428085   0.00009231   0.00249683   0.00007046   0.00169044   0.00005799   2.53239105   0.10261175   0.00597128   0.00010901  
    48.500   0.00394834   0.00008858   0.00237537   0.00006873   0.00170836   0.00005830   2.31118881   0.09438587   0.00565669   0.00010604  
    49.500   0.00394435   0.00008871   0.00261629   0.00007213   0.00161079   0.00005668   2.44870210   0.10226059   0.00555515   0.00010527  
    50.500   0.00380697   0.00008707   0.00244904   0.00006984   0.00153911   0.00005541   2.47347995   0.10549686   0.00534608   0.00010321  
    51.500   0.00381692   0.00008709   0.00255258   0.00007136   0.00168446   0.00005789   2.26595745   0.09347426   0.00550139   0.00010458  
    52.500   0.00361383   0.00008480   0.00242714   0.00006948   0.00167849   0.00005779   2.15302491   0.08970184   0.00529232   0.00010261  
    53.500   0.00371737   0.00008604   0.00240325   0.00006913   0.00166057   0.00005755   2.23860911   0.09329096   0.00537794   0.00010351  
    54.500   0.00361781   0.00008484   0.00254262   0.00007116   0.00160482   0.00005650   2.25434243   0.09536873   0.00522263   0.00010194  
    55.500   0.00361383   0.00008484   0.00252869   0.00007091   0.00168845   0.00005796   2.14033019   0.08900873   0.00530228   0.00010275  
    56.500   0.00350233   0.00008348   0.00235148   0.00006862   0.00172827   0.00005870   2.02649770   0.08409083   0.00523060   0.00010206  
    57.500   0.00342070   0.00008255   0.00234352   0.00006827   0.00175216   0.00005911   1.95227273   0.08097538   0.00517286   0.00010153  
    58.500   0.00338685   0.00008205   0.00234152   0.00006824   0.00163668   0.00005713   2.06934307   0.08792646   0.00502352   0.00009998  
    59.500   0.00327336   0.00008071   0.00234750   0.00006844   0.00174619   0.00005894   1.87457241   0.07835785   0.00501954   0.00009994  
    60.500   0.00335499   0.00008171   0.00234949   0.00006847   0.00163668   0.00005713   2.04987835   0.08725093   0.00499167   0.00009970  
    61.500   0.00321760   0.00008003   0.00238334   0.00006885   0.00156699   0.00005584   2.05336722   0.08922665   0.00478459   0.00009758  
    62.500   0.00310610   0.00007863   0.00227781   0.00006731   0.00177605   0.00005944   1.74887892   0.07338902   0.00488216   0.00009857  
    63.500   0.00323353   0.00008022   0.00210259   0.00006467   0.00168845   0.00005796   1.91509434   0.08110998   0.00492198   0.00009897  
    64.500   0.00294682   0.00007665   0.00241121   0.00006925   0.00161677   0.00005678   1.82266010   0.07965819   0.00456358   0.00009539  
    65.500   0.00299858   0.00007731   0.00221210   0.00006639   0.00164862   0.00005727   1.81884058   0.07868483   0.00464721   0.00009621  
    66.500   0.00279350   0.00007458   0.00211255   0.00006482   0.00162274   0.00005689   1.72147239   0.07585793   0.00441624   0.00009380  
    67.500   0.00294682   0.00007659   0.00205082   0.00006387   0.00168048   0.00005789   1.75355450   0.07567232   0.00462730   0.00009601  
    68.500   0.00280943   0.00007474   0.00212649   0.00006503   0.00176212   0.00005921   1.59435028   0.06832809   0.00457155   0.00009535  
    69.500   0.00266010   0.00007278   0.00205680   0.00006402   0.00160681   0.00005661   1.65551425   0.07384895   0.00426691   0.00009221  
    70.500   0.00271784   0.00007357   0.00208467   0.00006439   0.00166853   0.00005761   1.62887828   0.07146675   0.00438638   0.00009344  
    71.500   0.00277757   0.00007437   0.00214640   0.00006534   0.00144155   0.00005356   1.92679558   0.08823583   0.00421912   0.00009165  
    72.500   0.00262824   0.00007229   0.00212051   0.00006500   0.00163070   0.00005696   1.61172161   0.07165523   0.00425895   0.00009203  
    73.500   0.00258842   0.00007185   0.00215436   0.00006546   0.00150527   0.00005473   1.71957672   0.07865740   0.00409368   0.00009032  
    74.500   0.00249285   0.00007046   0.00194928   0.00006227   0.00150925   0.00005487   1.65171504   0.07606411   0.00400209   0.00008931  
    75.500   0.00249683   0.00007052   0.00190149   0.00006150   0.00157894   0.00005605   1.58133670   0.07173350   0.00407577   0.00009008  
    76.500   0.00244904   0.00006984   0.00183778   0.00006053   0.00153513   0.00005527   1.59533074   0.07326991   0.00398417   0.00008906  
    77.500   0.00240325   0.00006925   0.00201299   0.00006340   0.00148934   0.00005451   1.61363636   0.07516373   0.00389258   0.00008813  
    78.500   0.00234750   0.00006833   0.00191742   0.00006189   0.00139376   0.00005266   1.68428571   0.08033101   0.00374126   0.00008627  
    79.500   0.00226188   0.00006707   0.00185968   0.00006089   0.00141766   0.00005311   1.59550562   0.07623086   0.00367954   0.00008555  
    80.500   0.00229971   0.00006763   0.00187163   0.00006102   0.00144553   0.00005363   1.59090909   0.07531607   0.00374524   0.00008631  
    81.500   0.00215635   0.00006549   0.00180791   0.00005997   0.00133403   0.00005152   1.61641791   0.07941708   0.00349038   0.00008333  
    82.500   0.00208069   0.00006433   0.00175415   0.00005907   0.00130815   0.00005102   1.59056317   0.07916175   0.00338884   0.00008211  
    83.500   0.00194928   0.00006233   0.00177805   0.00005954   0.00144155   0.00005356   1.35220994   0.06628259   0.00339083   0.00008218  
    84.500   0.00218025   0.00006585   0.00169243   0.00005803   0.00141965   0.00005315   1.53576438   0.07387291   0.00359989   0.00008462  
    85.500   0.00198114   0.00006284   0.00172229   0.00005860   0.00137385   0.00005228   1.44202899   0.07143984   0.00335499   0.00008174  
    86.500   0.00199707   0.00006303   0.00166256   0.00005751   0.00131611   0.00005117   1.51739788   0.07598933   0.00331318   0.00008119  
    87.500   0.00187163   0.00006102   0.00166654   0.00005758   0.00131412   0.00005114   1.42424242   0.07230034   0.00318575   0.00007961  
    88.500   0.00188756   0.00006128   0.00170437   0.00005830   0.00132009   0.00005125   1.42986425   0.07236239   0.00320765   0.00007988  
    89.500   0.00181588   0.00006017   0.00155703   0.00005566   0.00129819   0.00005082   1.39877301   0.07174283   0.00311407   0.00007876  
    90.500   0.00179397   0.00005974   0.00155902   0.00005569   0.00134200   0.00005175   1.33679525   0.06811059   0.00313597   0.00007904  
    91.500   0.00175017   0.00005901   0.00145748   0.00005385   0.00115483   0.00004794   1.51551724   0.08104551   0.00290500   0.00007602  
    92.500   0.00173623   0.00005877   0.00170836   0.00005837   0.00126235   0.00005012   1.37539432   0.07175928   0.00299858   0.00007724  
    93.500   0.00172229   0.00005860   0.00151124   0.00005491   0.00126633   0.00005020   1.36006289   0.07105048   0.00298863   0.00007716  
    94.500   0.00157097   0.00005591   0.00156301   0.00005576   0.00117275   0.00004831   1.33955857   0.07291960   0.00274372   0.00007389  
    95.500   0.00168845   0.00005796   0.00148735   0.00005440   0.00117275   0.00004831   1.43972835   0.07719747   0.00286120   0.00007545  
    96.500   0.00162672   0.00005703   0.00147540   0.00005418   0.00114090   0.00004765   1.42582897   0.07774616   0.00276762   0.00007431  
    97.500   0.00143956   0.00005359   0.00150925   0.00005480   0.00116081   0.00004806   1.24013722   0.06905044   0.00260037   0.00007199  
    98.500   0.00149730   0.00005473   0.00144354   0.00005359   0.00111103   0.00004702   1.34767025   0.07536097   0.00260833   0.00007215  
    99.500   0.00142164   0.00005326   0.00126633   0.00005020   0.00107519   0.00004626   1.32222222   0.07542862   0.00249683   0.00007054  
   100.500   0.00146146   0.00005392   0.00132208   0.00005137   0.00112098   0.00004731   1.30373002   0.07308934   0.00258245   0.00007174  
   101.500   0.00136788   0.00005217   0.00127629   0.00005039   0.00109510   0.00004668   1.24909091   0.07144751   0.00246298   0.00007001  
   102.500   0.00140571   0.00005304   0.00124045   0.00004968   0.00108714   0.00004651   1.29304029   0.07375961   0.00249285   0.00007054  
   103.500   0.00142761   0.00005344   0.00120461   0.00004896   0.00100948   0.00004482   1.41420118   0.08213181   0.00243710   0.00006975  
   104.500   0.00126434   0.00005024   0.00124642   0.00004980   0.00101347   0.00004491   1.24754420   0.07425150   0.00227781   0.00006738  
   105.500   0.00129023   0.00005075   0.00119266   0.00004872   0.00110306   0.00004685   1.16967509   0.06771031   0.00239329   0.00006907  
   106.500   0.00139775   0.00005281   0.00124443   0.00004984   0.00101347   0.00004491   1.37917485   0.08031495   0.00241121   0.00006932  
   107.500   0.00120859   0.00004904   0.00119466   0.00004876   0.00099555   0.00004451   1.21400000   0.07329842   0.00220414   0.00006623  
   108.500   0.00111700   0.00004715   0.00106125   0.00004604   0.00102342   0.00004513   1.09143969   0.06662312   0.00214042   0.00006526  
   109.500   0.00119466   0.00004876   0.00105329   0.00004578   0.00100351   0.00004469   1.19047619   0.07191109   0.00219817   0.00006614  
   110.500   0.00118470   0.00004855   0.00113890   0.00004777   0.00088006   0.00004185   1.34615385   0.08450936   0.00206476   0.00006410  
   111.500   0.00115483   0.00004794   0.00098161   0.00004420   0.00099156   0.00004442   1.16465863   0.07113175   0.00214640   0.00006536  
   112.500   0.00106125   0.00004596   0.00113094   0.00004744   0.00083228   0.00004070   1.27511962   0.08328909   0.00189353   0.00006139  
   113.500   0.00109709   0.00004681   0.00111302   0.00004706   0.00095174   0.00004370   1.15271967   0.07225480   0.00204883   0.00006404  
   114.500   0.00113492   0.00004752   0.00105926   0.00004591   0.00088205   0.00004190   1.28668172   0.08147582   0.00201698   0.00006336  
   115.500   0.00105329   0.00004578   0.00108515   0.00004656   0.00087807   0.00004180   1.19954649   0.07733067   0.00193136   0.00006200  
   116.500   0.00106324   0.00004600   0.00104532   0.00004570   0.00078847   0.00003961   1.34848485   0.08940689   0.00185172   0.00006071  
   117.500   0.00107519   0.00004626   0.00100550   0.00004473   0.00080241   0.00003996   1.33995037   0.08818513   0.00187760   0.00006113  
   118.500   0.00098161   0.00004438   0.00092188   0.00004283   0.00087210   0.00004166   1.12557078   0.07403115   0.00185371   0.00006087  
   119.500   0.00103537   0.00004539   0.00094577   0.00004348   0.00077653   0.00003931   1.33333333   0.08929540   0.00181189   0.00006005  
   120.500   0.00086812   0.00004157   0.00090794   0.00004251   0.00076856   0.00003911   1.12953368   0.07892410   0.00163668   0.00005707  
   121.500   0.00087409   0.00004171   0.00096568   0.00004384   0.00075861   0.00003886   1.15223097   0.08066098   0.00163270   0.00005700  
   122.500   0.00091391   0.00004265   0.00088803   0.00004204   0.00079046   0.00003966   1.15617128   0.07922557   0.00170437   0.00005824  
   123.500   0.00086812   0.00004157   0.00086015   0.00004138   0.00075861   0.00003886   1.14435696   0.08023778   0.00162672   0.00005690  
   124.500   0.00076657   0.00003916   0.00080440   0.00004001   0.00070485   0.00003746   1.08757062   0.08016925   0.00147142   0.00005419  
   125.500   0.00087409   0.00004171   0.00088803   0.00004204   0.00064511   0.00003583   1.35493827   0.09921935   0.00151920   0.00005499  
   126.500   0.00084024   0.00004089   0.00079046   0.00003966   0.00075462   0.00003876   1.11345646   0.07878206   0.00159486   0.00005634  
   127.500   0.00076060   0.00003891   0.00086015   0.00004138   0.00069887   0.00003730   1.08831909   0.08045330   0.00145947   0.00005390  
   128.500   0.00072277   0.00003793   0.00081237   0.00004031   0.00066901   0.00003649   1.08035714   0.08177255   0.00139177   0.00005263  
   129.500   0.00071679   0.00003777   0.00073870   0.00003834   0.00067697   0.00003671   1.05882353   0.08005828   0.00139376   0.00005267  
   130.500   0.00073073   0.00003814   0.00078648   0.00003956   0.00068095   0.00003682   1.07309942   0.08063813   0.00141168   0.00005301  
   131.500   0.00068494   0.00003692   0.00072874   0.00003808   0.00065706   0.00003616   1.04242424   0.08030923   0.00134200   0.00005168  
   132.500   0.00076856   0.00003921   0.00077653   0.00003931   0.00060927   0.00003482   1.26143791   0.09664689   0.00137784   0.00005244  
   133.500   0.00072476   0.00003798   0.00070086   0.00003735   0.00063317   0.00003550   1.14465409   0.08784738   0.00135792   0.00005199  
   134.500   0.00070883   0.00003756   0.00067299   0.00003660   0.00069688   0.00003724   1.01714286   0.07655066   0.00140571   0.00005290  
   135.500   0.00067498   0.00003665   0.00068294   0.00003687   0.00059733   0.00003448   1.13000000   0.08955701   0.00127231   0.00005032  
   136.500   0.00057144   0.00003373   0.00064710   0.00003589   0.00057543   0.00003384   0.99307958   0.08274526   0.00114687   0.00004778  
   137.500   0.00065706   0.00003616   0.00068494   0.00003692   0.00058538   0.00003414   1.12244898   0.09000384   0.00124244   0.00004973  
   138.500   0.00065706   0.00003616   0.00067100   0.00003655   0.00053162   0.00003253   1.23595506   0.10172166   0.00118868   0.00004864  
   139.500   0.00056149   0.00003343   0.00061724   0.00003505   0.00056547   0.00003355   0.99295775   0.08346302   0.00112696   0.00004736  
   140.500   0.00059932   0.00003454   0.00060529   0.00003471   0.00061525   0.00003511   0.97411003   0.07900183   0.00121457   0.00004925  
   141.500   0.00054158   0.00003283   0.00057543   0.00003384   0.00058936   0.00003425   0.91891892   0.07717200   0.00113094   0.00004745  
   142.500   0.00060529   0.00003471   0.00055153   0.00003313   0.00053162   0.00003253   1.13857678   0.09548309   0.00113691   0.00004757  
   143.500   0.00056547   0.00003367   0.00061525   0.00003511   0.00053560   0.00003265   1.05576208   0.08996558   0.00110107   0.00004690  
   144.500   0.00047388   0.00003071   0.00050773   0.00003179   0.00053560   0.00003265   0.88475836   0.07872441   0.00100948   0.00004483  
   145.500   0.00049976   0.00003154   0.00056945   0.00003367   0.00047388   0.00003071   1.05462185   0.09540541   0.00097364   0.00004402  
   146.500   0.00049976   0.00003154   0.00059135   0.00003431   0.00051171   0.00003192   0.97665370   0.08665909   0.00101147   0.00004487  
   147.500   0.00049379   0.00003135   0.00052963   0.00003247   0.00052167   0.00003222   0.94656489   0.08385016   0.00101546   0.00004496  
   148.500   0.00050176   0.00003160   0.00052167   0.00003222   0.00046193   0.00003032   1.08620690   0.09881861   0.00096369   0.00004380  
   149.500   0.00050773   0.00003179   0.00050176   0.00003160   0.00051768   0.00003210   0.98076923   0.08642871   0.00102541   0.00004518  
   150.500   0.00047189   0.00003065   0.00053759   0.00003271   0.00046791   0.00003052   1.00851064   0.09283085   0.00093980   0.00004325  
   151.500   0.00043406   0.00002939   0.00053361   0.00003259   0.00045198   0.00003000   0.96035242   0.09105869   0.00088604   0.00004200  
   152.500   0.00040220   0.00002830   0.00056547   0.00003355   0.00047786   0.00003084   0.84166667   0.08035678   0.00088006   0.00004186  
   153.500   0.00048782   0.00003116   0.00047985   0.00003091   0.00050375   0.00003167   0.96837945   0.08678869   0.00099156   0.00004443  
   154.500   0.00037831   0.00002744   0.00045198   0.00003000   0.00044600   0.00002980   0.84821429   0.08364895   0.00082431   0.00004051  
   155.500   0.00043008   0.00002926   0.00045397   0.00003006   0.00044401   0.00002973   0.96860987   0.09246011   0.00087409   0.00004171  
   156.500   0.00043804   0.00002953   0.00046791   0.00003052   0.00043406   0.00002939   1.00917431   0.09643092   0.00087210   0.00004167  
   157.500   0.00042012   0.00002892   0.00051171   0.00003192   0.00046193   0.00003032   0.90948276   0.08650941   0.00088205   0.00004190  
   158.500   0.00037632   0.00002737   0.00041016   0.00002857   0.00037831   0.00002744   0.99473684   0.10218311   0.00075462   0.00003876  
   159.500   0.00040419   0.00002837   0.00034048   0.00002603   0.00043406   0.00002939   0.93119266   0.09081527   0.00083825   0.00004085  
   160.500   0.00037433   0.00002730   0.00041614   0.00002892   0.00036835   0.00002723   1.01621622   0.10551535   0.00074268   0.00003855  
   161.500   0.00031260   0.00002495   0.00044800   0.00002986   0.00036636   0.00002701   0.85326087   0.09269657   0.00067896   0.00003676  
   162.500   0.00032654   0.00002550   0.00040220   0.00002830   0.00035840   0.00002671   0.91111111   0.09834568   0.00068494   0.00003693  
   163.500   0.00030065   0.00002447   0.00038030   0.00002751   0.00040220   0.00002830   0.74752475   0.08041025   0.00070286   0.00003741  
   164.500   0.00035242   0.00002649   0.00040419   0.00002837   0.00036238   0.00002701   0.97252747   0.10293463   0.00071480   0.00003783  
   165.500   0.00031459   0.00002503   0.00032853   0.00002557   0.00037632   0.00002737   0.83597884   0.09010800   0.00069091   0.00003709  
   166.500   0.00035242   0.00002649   0.00033251   0.00002573   0.00033450   0.00002581   1.05357143   0.11347364   0.00068693   0.00003698  
   167.500   0.00030464   0.00002463   0.00038826   0.00002780   0.00035043   0.00002641   0.86931818   0.09608139   0.00065507   0.00003611  
   168.500   0.00028871   0.00002397   0.00034048   0.00002603   0.00031658   0.00002510   0.91194969   0.10471100   0.00060529   0.00003471  
   169.500   0.00027278   0.00002330   0.00035242   0.00002649   0.00034844   0.00002634   0.78285714   0.08929914   0.00062122   0.00003517  
   170.500   0.00033251   0.00002573   0.00036835   0.00002708   0.00031061   0.00002487   1.07051282   0.11918942   0.00064312   0.00003578  
   171.500   0.00025287   0.00002244   0.00032654   0.00002550   0.00031459   0.00002503   0.80379747   0.09578736   0.00056746   0.00003361  
   172.500   0.00027676   0.00002347   0.00033450   0.00002581   0.00030862   0.00002479   0.89677419   0.10474947   0.00058538   0.00003414  
   173.500   0.00028672   0.00002406   0.00029269   0.00002414   0.00030663   0.00002471   0.93506494   0.10877507   0.00059335   0.00003448  
   174.500   0.00024690   0.00002217   0.00033251   0.00002573   0.00032256   0.00002534   0.76543210   0.09132527   0.00056945   0.00003367  
   175.500   0.00026880   0.00002313   0.00030663   0.00002471   0.00026083   0.00002279   1.03053435   0.12637816   0.00052963   0.00003247  
   176.500   0.00025287   0.00002244   0.00030862   0.00002479   0.00028672   0.00002389   0.88194444   0.10735286   0.00053959   0.00003278  
   177.500   0.00022698   0.00002126   0.00032256   0.00002534   0.00029070   0.00002406   0.78082192   0.09758479   0.00051768   0.00003210  
   178.500   0.00022101   0.00002098   0.00029866   0.00002438   0.00028074   0.00002364   0.78723404   0.09988637   0.00050176   0.00003161  
   179.500   0.00020508   0.00002021   0.00027875   0.00002372   0.00028074   0.00002364   0.73049645   0.09468019   0.00048583   0.00003110  
   180.500   0.00023694   0.00002172   0.00027875   0.00002356   0.00029070   0.00002406   0.81506849   0.10065579   0.00052764   0.00003241  
   181.500   0.00019513   0.00001971   0.00025088   0.00002235   0.00025486   0.00002253   0.76562500   0.10276100   0.00044999   0.00002993  
   182.500   0.00020707   0.00002030   0.00021902   0.00002088   0.00023097   0.00002163   0.89655172   0.12155706   0.00043804   0.00002966  
   183.500   0.00023296   0.00002154   0.00024690   0.00002217   0.00024889   0.00002226   0.93600000   0.12039528   0.00048184   0.00003097  
   184.500   0.00024291   0.00002199   0.00022300   0.00002107   0.00021305   0.00002059   1.14018692   0.15100709   0.00045596   0.00003013  
   185.500   0.00019911   0.00001991   0.00023097   0.00002144   0.00026880   0.00002313   0.74074074   0.09772562   0.00046791   0.00003052  
   186.500   0.00020110   0.00002001   0.00026083   0.00002279   0.00025088   0.00002235   0.80158730   0.10705170   0.00045198   0.00003000  
   187.500   0.00018915   0.00001941   0.00021305   0.00002059   0.00020906   0.00002040   0.90476190   0.12810654   0.00039822   0.00002816  
   188.500   0.00019513   0.00001971   0.00019314   0.00001961   0.00026083   0.00002279   0.74809160   0.09990785   0.00045596   0.00003013  
   189.500   0.00018517   0.00001920   0.00022101   0.00002098   0.00027278   0.00002330   0.67883212   0.09120121   0.00045795   0.00003019  
   190.500   0.00016725   0.00001825   0.00022499   0.00002116   0.00018318   0.00001910   0.91304348   0.13778287   0.00035043   0.00002641  
   191.500   0.00016327   0.00001803   0.00021305   0.00002059   0.00023694   0.00002172   0.68907563   0.09889254   0.00040021   0.00002823  
   192.500   0.00017123   0.00001846   0.00017123   0.00001846   0.00023296   0.00002154   0.73504274   0.10439916   0.00040419   0.00002837  
   193.500   0.00017123   0.00001846   0.00017920   0.00001889   0.00022300   0.00002107   0.76785714   0.11008642   0.00039424   0.00002802  
   194.500   0.00017721   0.00001878   0.00017920   0.00001889   0.00021902   0.00002088   0.80909091   0.11534831   0.00039623   0.00002809  
   195.500   0.00015331   0.00001747   0.00018119   0.00001899   0.00021106   0.00002050   0.72641509   0.10876591   0.00036437   0.00002693  
   196.500   0.00016327   0.00001803   0.00016924   0.00001836   0.00018119   0.00001899   0.90109890   0.13719846   0.00034446   0.00002619  
   197.500   0.00013739   0.00001654   0.00016128   0.00001792   0.00021902   0.00002088   0.62727273   0.09632604   0.00035641   0.00002664  
   198.500   0.00014734   0.00001713   0.00017123   0.00001846   0.00020906   0.00002040   0.70476190   0.10696450   0.00035641   0.00002664  
   199.500   0.00014535   0.00001701   0.00019314   0.00001961   0.00018517   0.00001920   0.78494624   0.12273639   0.00033052   0.00002565  
   200.500   0.00013938   0.00001666   0.00020906   0.00002040   0.00014336   0.00001689   0.97222222   0.16318457   0.00028274   0.00002373  
   201.500   0.00011349   0.00001503   0.00017920   0.00001889   0.00016327   0.00001803   0.69512195   0.11986973   0.00027676   0.00002347  
   202.500   0.00013539   0.00001642   0.00016128   0.00001792   0.00017322   0.00001857   0.78160920   0.12651002   0.00030862   0.00002479  
   203.500   0.00012146   0.00001555   0.00012345   0.00001568   0.00014933   0.00001724   0.81333333   0.14022581   0.00027079   0.00002322  
   204.500   0.00013938   0.00001666   0.00016327   0.00001803   0.00017522   0.00001868   0.79545455   0.12739040   0.00031459   0.00002503  
   205.500   0.00010752   0.00001463   0.00017920   0.00001889   0.00018119   0.00001899   0.59340659   0.10193050   0.00028871   0.00002397  
   206.500   0.00010354   0.00001436   0.00013141   0.00001618   0.00014336   0.00001689   0.72222222   0.13143188   0.00024690   0.00002217  
   207.500   0.00010553   0.00001449   0.00015331   0.00001747   0.00013938   0.00001666   0.75714286   0.13785750   0.00024490   0.00002208  
   208.500   0.00010951   0.00001477   0.00012942   0.00001605   0.00015730   0.00001770   0.69620253   0.12225851   0.00026681   0.00002305  
   209.500   0.00011947   0.00001542   0.00014535   0.00001701   0.00015531   0.00001758   0.76923077   0.13208655   0.00027477   0.00002339  
   210.500   0.00012942   0.00001605   0.00010951   0.00001477   0.00011548   0.00001516   1.12068966   0.20242026   0.00024490   0.00002208  
   211.500   0.00010752   0.00001463   0.00014933   0.00001724   0.00012743   0.00001593   0.84375000   0.15590328   0.00023495   0.00002163  
   212.500   0.00011747   0.00001529   0.00010951   0.00001477   0.00015331   0.00001747   0.76623377   0.13256989   0.00027079   0.00002322  
   213.500   0.00008562   0.00001306   0.00011150   0.00001490   0.00013539   0.00001642   0.63235294   0.12320291   0.00022101   0.00002098  
   214.500   0.00007964   0.00001259   0.00013141   0.00001618   0.00014137   0.00001678   0.56338028   0.11137633   0.00022101   0.00002098  
   215.500   0.00010951   0.00001477   0.00011747   0.00001529   0.00014137   0.00001678   0.77464789   0.13914439   0.00025088   0.00002235  
   216.500   0.00010354   0.00001436   0.00014535   0.00001701   0.00014734   0.00001713   0.70270270   0.12715287   0.00025088   0.00002235  
   217.500   0.00007765   0.00001243   0.00010951   0.00001477   0.00012345   0.00001568   0.62903226   0.12855681   0.00020110   0.00002001  
   218.500   0.00007168   0.00001195   0.00009955   0.00001408   0.00011947   0.00001542   0.60000000   0.12648827   0.00019114   0.00001951  
   219.500   0.00009159   0.00001350   0.00008363   0.00001290   0.00013938   0.00001666   0.65714286   0.12472367   0.00023097   0.00002144  
   220.500   0.00005973   0.00001091   0.00011548   0.00001516   0.00009756   0.00001394   0.61224490   0.14192928   0.00015730   0.00001770  
   221.500   0.00010354   0.00001436   0.00008163   0.00001275   0.00009955   0.00001408   1.04000000   0.20598505   0.00020309   0.00002011  
   222.500   0.00007168   0.00001195   0.00013141   0.00001618   0.00007566   0.00001227   0.94736842   0.22033511   0.00014734   0.00001713  
   223.500   0.00008363   0.00001290   0.00009159   0.00001350   0.00012942   0.00001605   0.64615385   0.12791912   0.00021305   0.00002060  
   224.500   0.00007964   0.00001259   0.00008562   0.00001306   0.00010752   0.00001463   0.74074074   0.15452308   0.00018716   0.00001930  
   225.500   0.00008761   0.00001321   0.00009557   0.00001379   0.00009955   0.00001408   0.88000000   0.18189683   0.00018716   0.00001930  
   226.500   0.00008163   0.00001275   0.00009358   0.00001365   0.00008163   0.00001275   1.00000000   0.22085854   0.00016327   0.00001803  
   227.500   0.00007367   0.00001211   0.00008562   0.00001306   0.00008363   0.00001290   0.88095238   0.19862411   0.00015730   0.00001770  
   228.500   0.00005177   0.00001015   0.00008761   0.00001321   0.00009955   0.00001408   0.52000000   0.12572773   0.00015132   0.00001736  
   229.500   0.00006770   0.00001161   0.00007964   0.00001259   0.00010752   0.00001463   0.62962963   0.13784186   0.00017522   0.00001868  
   230.500   0.00006969   0.00001178   0.00008960   0.00001336   0.00011947   0.00001542   0.58333333   0.12406789   0.00018915   0.00001941  
   231.500   0.00006969   0.00001178   0.00008562   0.00001306   0.00008163   0.00001275   0.85365854   0.19645219   0.00015132   0.00001736  
   232.500   0.00004978   0.00000996   0.00008960   0.00001336   0.00009955   0.00001408   0.50000000   0.12247245   0.00014933   0.00001724  
   233.500   0.00006172   0.00001109   0.00007367   0.00001211   0.00008562   0.00001306   0.72093023   0.16985809   0.00014734   0.00001713  
   234.500   0.00006969   0.00001178   0.00007168   0.00001195   0.00008363   0.00001290   0.83333333   0.19072042   0.00015331   0.00001747  
   235.500   0.00004580   0.00000955   0.00006371   0.00001126   0.00008363   0.00001290   0.54761905   0.14204967   0.00012942   0.00001605  
   236.500   0.00004978   0.00000996   0.00006172   0.00001109   0.00008163   0.00001275   0.60975610   0.15472464   0.00013141   0.00001618  
   237.500   0.00003186   0.00000796   0.00005973   0.00001091   0.00005774   0.00001072   0.55172414   0.17181647   0.00008960   0.00001336  
   238.500   0.00003186   0.00000796   0.00005973   0.00001091   0.00007566   0.00001227   0.42105263   0.12548060   0.00010752   0.00001463  
   239.500   0.00005376   0.00001035   0.00006371   0.00001126   0.00007964   0.00001259   0.67500000   0.16812114   0.00013340   0.00001630  
   240.500   0.00006371   0.00001126   0.00006969   0.00001178   0.00008363   0.00001290   0.76190476   0.17877594   0.00014734   0.00001713  
   241.500   0.00004580   0.00000955   0.00008960   0.00001336   0.00008562   0.00001306   0.53488372   0.13817412   0.00013141   0.00001618  
   242.500   0.00004779   0.00000975   0.00004181   0.00000912   0.00007765   0.00001243   0.61538462   0.15965134   0.00012544   0.00001580  
   243.500   0.00005575   0.00001054   0.00006371   0.00001126   0.00006371   0.00001126   0.87500000   0.22642439   0.00011947   0.00001542  
   244.500   0.00005973   0.00001091   0.00005575   0.00001054   0.00005973   0.00001091   1.00000000   0.25819503   0.00011947   0.00001542  
   245.500   0.00002987   0.00000771   0.00005177   0.00001015   0.00006172   0.00001109   0.48387097   0.15218702   0.00009159   0.00001350  
   246.500   0.00003385   0.00000821   0.00007765   0.00001243   0.00007168   0.00001195   0.47222222   0.13896443   0.00010553   0.00001450  
   247.500   0.00002987   0.00000771   0.00005575   0.00001054   0.00006172   0.00001109   0.48387097   0.15218702   0.00009159   0.00001350  
   248.500   0.00005575   0.00001054   0.00004580   0.00000955   0.00007168   0.00001195   0.77777778   0.19597850   0.00012743   0.00001593  
   249.500   0.00005973   0.00001091   0.00005973   0.00001091   0.00006969   0.00001178   0.85714286   0.21325943   0.00012942   0.00001605  
   250.500   0.00004181   0.00000912   0.00006969   0.00001178   0.00005575   0.00001054   0.75000000   0.21650377   0.00009756   0.00001394  
   251.500   0.00002987   0.00000771   0.00003982   0.00000890   0.00005575   0.00001054   0.53571429   0.17141095   0.00008562   0.00001306  
   252.500   0.00003186   0.00000796   0.00004380   0.00000934   0.00007367   0.00001211   0.43243243   0.12938696   0.00010553   0.00001450  
   253.500   0.00005774   0.00001072   0.00003982   0.00000890   0.00004978   0.00000996   1.16000000   0.31657751   0.00010752   0.00001463  
   254.500   0.00002588   0.00000718   0.00006371   0.00001126   0.00005376   0.00001035   0.48148148   0.16253700   0.00007964   0.00001259  
   255.500   0.00002788   0.00000745   0.00005973   0.00001091   0.00004380   0.00000934   0.63636364   0.21755925   0.00007168   0.00001195  
   256.500   0.00002987   0.00000771   0.00003783   0.00000868   0.00005177   0.00001015   0.57692308   0.18705676   0.00008163   0.00001275  
   257.500   0.00002389   0.00000690   0.00004580   0.00000955   0.00005774   0.00001072   0.41379310   0.14203058   0.00008163   0.00001275  
   258.500   0.00003584   0.00000845   0.00004380   0.00000934   0.00006571   0.00001144   0.54545455   0.15982525   0.00010155   0.00001422  
   259.500   0.00003982   0.00000890   0.00004779   0.00000975   0.00003982   0.00000890   1.00000000   0.31622462   0.00007964   0.00001259  
   260.500   0.00003584   0.00000845   0.00006571   0.00001144   0.00003385   0.00000821   1.05882353   0.35809076   0.00006969   0.00001178  
   261.500   0.00003584   0.00000845   0.00002588   0.00000718   0.00006969   0.00001178   0.51428571   0.14916501   0.00010553   0.00001450  
   262.500   0.00004181   0.00000912   0.00004978   0.00000996   0.00003186   0.00000796   1.31250000   0.43553856   0.00007367   0.00001211  
   263.500   0.00003186   0.00000796   0.00003385   0.00000821   0.00004978   0.00000996   0.64000000   0.20489799   0.00008163   0.00001275  
   264.500   0.00004181   0.00000912   0.00005177   0.00001015   0.00002788   0.00000745   1.50000000   0.51754486   0.00006969   0.00001178  
   265.500   0.00002190   0.00000660   0.00003186   0.00000796   0.00004380   0.00000934   0.50000000   0.18463590   0.00006571   0.00001144  
   266.500   0.00001792   0.00000597   0.00002190   0.00000660   0.00002588   0.00000718   0.69230769   0.30020318   0.00004380   0.00000934  
   267.500   0.00002588   0.00000718   0.00003186   0.00000796   0.00002788   0.00000745   0.92857143   0.35765032   0.00005376   0.00001035  
   268.500   0.00002588   0.00000718   0.00004580   0.00000955   0.00003186   0.00000796   0.81250000   0.30338045   0.00005774   0.00001072  
   269.500   0.00002588   0.00000718   0.00002788   0.00000745   0.00003385   0.00000821   0.76470588   0.28174469   0.00005973   0.00001091  
   270.500   0.00002190   0.00000660   0.00001991   0.00000630   0.00005177   0.00001015   0.42307692   0.15217169   0.00007367   0.00001211  
   271.500   0.00002588   0.00000718   0.00003186   0.00000796   0.00005774   0.00001072   0.44827586   0.14962199   0.00008363   0.00001290  
   272.500   0.00002190   0.00000660   0.00002389   0.00000690   0.00003982   0.00000890   0.55000000   0.20645678   0.00006172   0.00001109  
   273.500   0.00002190   0.00000660   0.00003186   0.00000796   0.00003783   0.00000868   0.57894737   0.21934289   0.00005973   0.00001091  
   274.500   0.00004580   0.00000955   0.00001593   0.00000563   0.00003186   0.00000796   1.43750000   0.46796370   0.00007765   0.00001243  
   275.500   0.00001394   0.00000527   0.00002588   0.00000718   0.00002190   0.00000660   0.63636364   0.30767656   0.00003584   0.00000845  
   276.500   0.00001394   0.00000527   0.00001593   0.00000563   0.00003385   0.00000821   0.41176471   0.18491797   0.00004779   0.00000975  
   277.500   0.00001792   0.00000597   0.00002588   0.00000718   0.00002588   0.00000718   0.69230769   0.30020318   0.00004380   0.00000934  
   278.500   0.00001195   0.00000488   0.00001394   0.00000527   0.00002987   0.00000771   0.40000000   0.19321754   0.00004181   0.00000912  
   279.500   0.00000996   0.00000445   0.00002190   0.00000660   0.00002389   0.00000690   0.41666667   0.22178699   0.00003385   0.00000821  
   280.500   0.00001991   0.00000630   0.00003186   0.00000796   0.00001991   0.00000630   1.00000000   0.44721137   0.00003982   0.00000890  
   281.500   0.00001991   0.00000630   0.00001991   0.00000630   0.00001792   0.00000597   1.11111111   0.51051793   0.00003783   0.00000868  
   282.500   0.00001394   0.00000527   0.00002190   0.00000660   0.00002389   0.00000690   0.58333333   0.27742911   0.00003783   0.00000868  
   283.500   0.00001394   0.00000527   0.00003186   0.00000796   0.00002788   0.00000745   0.50000000   0.23145396   0.00004181   0.00000912  
   284.500   0.00001394   0.00000527   0.00002389   0.00000690   0.00004380   0.00000934   0.31818182   0.13807394   0.00005774   0.00001072  
   285.500   0.00001394   0.00000527   0.00002987   0.00000771   0.00003385   0.00000821   0.41176471   0.18491797   0.00004779   0.00000975  
   286.500   0.00001593   0.00000563   0.00001394   0.00000527   0.00002788   0.00000745   0.57142857   0.25325737   0.00004380   0.00000934  
   287.500   0.00000796   0.00000398   0.00001792   0.00000597   0.00001991   0.00000630   0.40000000   0.23664252   0.00002788   0.00000745  
   288.500   0.00001792   0.00000597   0.00001195   0.00000488   0.00002389   0.00000690   0.75000000   0.33071722   0.00004181   0.00000912  
   289.500   0.00001195   0.00000488   0.00002588   0.00000718   0.00001792   0.00000597   0.66666667   0.35136295   0.00002987   0.00000771  
   290.500   0.00001792   0.00000597   0.00002190   0.00000660   0.00002190   0.00000660   0.81818182   0.36774359   0.00003982   0.00000890  
   291.500   0.00001195   0.00000488   0.00000996   0.00000445   0.00001195   0.00000488   1.00000000   0.57734857   0.00002389   0.00000690  
   292.500   0.00001195   0.00000488   0.00002190   0.00000660   0.00001394   0.00000527   0.85714286   0.47686876   0.00002588   0.00000718  
   293.500   0.00001593   0.00000563   0.00000796   0.00000398   0.00002588   0.00000718   0.61538462   0.27652695   0.00004181   0.00000912  
   294.500   0.00001195   0.00000488   0.00003385   0.00000821   0.00001394   0.00000527   0.85714286   0.47686876   0.00002588   0.00000718  
   295.500   0.00000398   0.00000282   0.00001394   0.00000527   0.00001593   0.00000563   0.25000000   0.19764203   0.00001991   0.00000630  
   296.500   0.00001394   0.00000527   0.00001792   0.00000597   0.00001195   0.00000488   1.16666667   0.64907136   0.00002588   0.00000718  
   297.500   0.00001195   0.00000488   0.00000597   0.00000345   0.00001394   0.00000527   0.85714286   0.47686876   0.00002588   0.00000718  
   298.500   0.00000796   0.00000398   0.00001792   0.00000597   0.00001593   0.00000563   0.50000000   0.30618541   0.00002389   0.00000690  
   299.500   0.00001195   0.00000488   0.00001394   0.00000527   0.00000796   0.00000398   1.50000000   0.96824357   0.00001991   0.00000630  
