System: A1+A2=192
Executable: ./pispectr
Energy: 0.270000
Filter: 0
   scm(1) or lab(0) filter:  1
   theta cut: 0
       thmin1,thmax1: 0.000000 0.000000
       thmin2,thmax2: 0.000000 0.000000
   rapidity cut: 0
       rapmin,rapmax: 0.000000 0.000000
   pt cut: 0
       ptmin,ptmax: 0.000000 0.000000
   phi cut: 0
       phimin,phimax: 0.000000 0.000000
   ekin cut: 0
       ekmin,ekmax: 0.000000 0.300000

Number of records read: 84400
Number of events that dont conserve energy: 312

pi-   err  pi0   err   pi+    err    pi-/pi+   err
  0.592085    0.002609    0.267014    0.001756    0.134313    0.001256    4.408257    0.045571    0.726398    0.002896  

<pt>
pi-   err  pi0   err   pi+    err    pi+/pi-   err
  0.105326   0.000267   0.119083   0.000415   0.125017   0.000622   1.186953   0.006629   0.108967   0.000246   0.061370

<pm>
pi-   err  pi0   err   pi+    err    pi+/pi-   err
  0.138374   0.000284   0.155589   0.000435   0.162767   0.000646   1.176285   0.005253   0.142885   0.000260   0.142885

avdens: pi-   err  pi0   err   pi+    err    pi-/pi+   err
  0.000000    0.000000    0.000000    0.000000    0.000000    0.000000  


 Ekin  pi-   err  pi0   err   pi+    err    pi-/pi+   err
    12.500   0.004886   0.000048   0.001384   0.000025   0.000661   0.000018   7.395983   0.211548   0.005547   0.000051  
    37.500   0.006531   0.000055   0.002587   0.000035   0.001066   0.000022   6.127168   0.139092   0.007597   0.000060  
    62.500   0.005036   0.000049   0.002376   0.000033   0.001171   0.000024   4.302024   0.095860   0.006207   0.000054  
    87.500   0.003138   0.000038   0.001708   0.000028   0.000928   0.000021   3.382022   0.087246   0.004066   0.000044  
   112.500   0.001860   0.000030   0.001109   0.000023   0.000620   0.000017   3.000765   0.096069   0.002480   0.000034  
   137.500   0.001012   0.000022   0.000659   0.000018   0.000402   0.000014   2.515901   0.102149   0.001415   0.000026  
   162.500   0.000552   0.000016   0.000381   0.000013   0.000220   0.000010   2.508621   0.137771   0.000772   0.000019  
   187.500   0.000320   0.000012   0.000218   0.000010   0.000134   0.000008   2.388693   0.168945   0.000455   0.000015  
   212.500   0.000153   0.000009   0.000118   0.000007   0.000070   0.000006   2.182432   0.216791   0.000223   0.000010  
   237.500   0.000080   0.000006   0.000068   0.000006   0.000053   0.000005   1.508929   0.183706   0.000133   0.000008  
   262.500   0.000048   0.000005   0.000035   0.000004   0.000023   0.000003   2.081633   0.362829   0.000072   0.000006  
   287.500   0.000035   0.000004   0.000017   0.000003   0.000011   0.000002   3.041667   0.715546   0.000046   0.000005  


 rap  pi-   err  pi0   err   pi+    err    pi-/pi+   err
 -0.973684    0.116836    0.005123    0.062808    0.003754    0.038045    0.002924    3.071006    0.271705  
 -0.921053    0.085320    0.004407    0.038720    0.002949    0.020261    0.002135    4.211111    0.494114  
 -0.868421    0.098152    0.004699    0.052678    0.003439    0.031742    0.002671    3.092199    0.299363  
 -0.815789    0.119313    0.005186    0.065284    0.003827    0.036244    0.002854    3.291925    0.296063  
 -0.763158    0.162986    0.006040    0.078566    0.004233    0.045699    0.003204    3.566502    0.282800  
 -0.710526    0.178294    0.006354    0.094100    0.004591    0.046825    0.003243    3.807692    0.296554  
 -0.657895    0.209135    0.006853    0.099502    0.004731    0.053353    0.003461    3.919831    0.284867  
 -0.605263    0.244028    0.007378    0.121564    0.005224    0.056955    0.003590    4.284585    0.299493  
 -0.552632    0.279147    0.007901    0.131694    0.005435    0.065735    0.003853    4.246575    0.276431  
 -0.500000    0.294005    0.008135    0.144526    0.005709    0.062133    0.003747    4.731884    0.313991  
 -0.447368    0.331374    0.008626    0.146327    0.005744    0.070237    0.003982    4.717949    0.294314  
 -0.394737    0.371445    0.009121    0.153981    0.005907    0.078341    0.004191    4.741379    0.279087  
 -0.342105    0.391706    0.009391    0.160960    0.006019    0.085320    0.004373    4.591029    0.259766  
 -0.289474    0.404313    0.009529    0.173791    0.006251    0.091623    0.004531    4.412776    0.241723  
 -0.236842    0.422998    0.009774    0.178969    0.006325    0.081718    0.004280    5.176309    0.296314  
 -0.184211    0.412642    0.009618    0.182571    0.006404    0.087346    0.004436    4.724227    0.263965  
 -0.131579    0.450687    0.010044    0.180770    0.006381    0.100403    0.004774    4.488789    0.235698  
 -0.078947    0.461718    0.010225    0.194277    0.006602    0.099953    0.004752    4.619369    0.242292  
 -0.026316    0.449787    0.010064    0.180095    0.006377    0.099502    0.004731    4.520362    0.237545  


 pt  pi-   err  pi0   err   pi+    err    pi-/pi+   err
  0.010000    1.071090    0.025241    0.276066    0.012781    0.155806    0.009592    6.874525    0.453185  
  0.030000    2.602488    0.039280    0.747630    0.021071    0.380924    0.014965    6.832037    0.287528  
  0.050000    3.472156    0.045350    1.263033    0.027381    0.573460    0.018383    6.054752    0.209586  
  0.070000    3.965640    0.048466    1.625592    0.030981    0.703791    0.020413    5.634680    0.177345  
  0.090000    4.146919    0.049315    1.773104    0.032388    0.781991    0.021518    5.303030    0.158969  
  0.110000    3.888033    0.047948    1.693720    0.031683    0.848934    0.022533    4.579902    0.134041  
  0.130000    3.189573    0.043196    1.593009    0.030585    0.771327    0.021392    4.135177    0.127628  
  0.150000    2.411137    0.037663    1.283175    0.027574    0.702607    0.020396    3.431703    0.113126  
  0.170000    1.660545    0.031347    1.026659    0.024708    0.530806    0.017698    3.128348    0.119864  
  0.190000    1.168246    0.026254    0.699052    0.020311    0.420024    0.015841    2.781382    0.122111  
  0.210000    0.752962    0.021061    0.485782    0.016944    0.284953    0.013010    2.642412    0.141481  
  0.230000    0.473341    0.016687    0.319313    0.013710    0.195498    0.010741    2.421212    0.158053  
  0.250000    0.290877    0.013116    0.207346    0.011092    0.120853    0.008451    2.406863    0.200265  
  0.270000    0.179502    0.010328    0.145142    0.009259    0.085900    0.007128    2.089655    0.210993  
  0.290000    0.131517    0.008815    0.086493    0.007152    0.055687    0.005740    2.361702    0.290394  
